,startphrase,ending1,ending2,labels,predicted label
0,The explanation was like mud,The explanation was easy and simple to understand,The explanation made to sense.,1,1
1,The explanation was like mud,The explanation was easy and simple to understand,The explanation made to sense.,1,1
2,The explanation was like mud,The explanation was easy and simple to understand,The explanation made to sense.,1,0
3,The explanation was like mud,The explanation was easy and simple to understand,The explanation made to sense.,1,0
4,The explanation was like mud,The explanation was easy and simple to understand,The explanation made to sense.,1,0
5,The explanation was like mud,The explanation was easy and simple to understand,The explanation made to sense.,1,0
6,The explanation was like mud,The explanation was easy and simple to understand,The explanation made to sense.,1,0
7,The explanation was like mud,The explanation was easy and simple to understand,The explanation made to sense.,1,0
8,The explanation was like mud,The explanation was easy and simple to understand,The explanation made to sense.,1,0
9,The explanation was like mud,The explanation was easy and simple to understand,The explanation made to sense.,1,1
10,The explanation was like mud,The explanation was easy and simple to understand,The explanation made to sense.,1,1
11,The explanation was like mud,The explanation was easy and simple to understand,The explanation made to sense.,1,1
12,The explanation was like mud,The explanation was easy and simple to understand,The explanation made to sense.,1,0
13,The explanation was like mud,The explanation was easy and simple to understand,The explanation made to sense.,1,0
14,The explanation was like mud,The explanation was easy and simple to understand,The explanation made to sense.,1,0
15,The explanation was like mud,The explanation was easy and simple to understand,The explanation made to sense.,1,0
16,The explanation was like mud,The explanation was easy and simple to understand,The explanation made to sense.,1,0
17,The explanation was like mud,The explanation was easy and simple to understand,The explanation made to sense.,1,0
18,The explanation was like mud,The explanation was easy and simple to understand,The explanation made to sense.,1,1
19,The explanation was like mud,The explanation was easy and simple to understand,The explanation made to sense.,1,1
20,The explanation was like mud,The explanation was easy and simple to understand,The explanation made to sense.,1,0
21,The explanation was like mud,The explanation was easy and simple to understand,The explanation made to sense.,1,1
22,The explanation was like mud,The explanation was easy and simple to understand,The explanation made to sense.,1,1
23,The explanation was like mud,The explanation was easy and simple to understand,The explanation made to sense.,1,1
24,The explanation was like mud,The explanation was easy and simple to understand,The explanation made to sense.,1,1
25,The explanation was like mud,The explanation was easy and simple to understand,The explanation made to sense.,1,1
26,The explanation was like mud,The explanation was easy and simple to understand,The explanation made to sense.,1,0
27,The explanation was like mud,The explanation was easy and simple to understand,The explanation made to sense.,1,0
28,The explanation was like mud,The explanation was easy and simple to understand,The explanation made to sense.,1,0
29,The explanation was like mud,The explanation was easy and simple to understand,The explanation made to sense.,1,0
30,The explanation was like mud,The explanation was easy and simple to understand,The explanation made to sense.,1,0
31,The explanation was like mud,The explanation was easy and simple to understand,The explanation made to sense.,1,0
32,The explanation was like mud,The explanation was easy and simple to understand,The explanation made to sense.,1,1
33,The explanation was like mud,The explanation was easy and simple to understand,The explanation made to sense.,1,1
34,The explanation was like mud,The explanation was easy and simple to understand,The explanation made to sense.,1,0
35,The explanation was like mud,The explanation was easy and simple to understand,The explanation made to sense.,1,0
36,The explanation was like mud,The explanation was easy and simple to understand,The explanation made to sense.,1,1
37,The explanation was like mud,The explanation was easy and simple to understand,The explanation made to sense.,1,1
38,The explanation was like mud,The explanation was easy and simple to understand,The explanation made to sense.,1,1
39,The explanation was like mud,The explanation was easy and simple to understand,The explanation made to sense.,1,1
40,The explanation was like mud,The explanation was easy and simple to understand,The explanation made to sense.,1,0
41,The explanation was like mud,The explanation was easy and simple to understand,The explanation made to sense.,1,0
42,The explanation was like mud,The explanation was easy and simple to understand,The explanation made to sense.,1,0
43,The explanation was like mud,The explanation was easy and simple to understand,The explanation made to sense.,1,1
44,The explanation was like mud,The explanation was easy and simple to understand,The explanation made to sense.,1,0
45,The explanation was like mud,The explanation was easy and simple to understand,The explanation made to sense.,1,0
46,The explanation was like mud,The explanation was easy and simple to understand,The explanation made to sense.,1,0
47,The explanation was like mud,The explanation was easy and simple to understand,The explanation made to sense.,1,0
48,The explanation was like mud,The explanation was easy and simple to understand,The explanation made to sense.,1,1
49,The explanation was like mud,The explanation was easy and simple to understand,The explanation made to sense.,1,1
50,The explanation was like mud,The explanation was easy and simple to understand,The explanation made to sense.,1,0
51,The explanation was like mud,The explanation was easy and simple to understand,The explanation made to sense.,1,0
52,The explanation was like mud,The explanation was easy and simple to understand,The explanation made to sense.,1,0
53,The explanation was like mud,The explanation was easy and simple to understand,The explanation made to sense.,1,0
54,The explanation was like mud,The explanation was easy and simple to understand,The explanation made to sense.,1,0
55,The explanation was like mud,The explanation was easy and simple to understand,The explanation made to sense.,1,0
56,The explanation was like mud,The explanation was easy and simple to understand,The explanation made to sense.,1,0
57,The explanation was like mud,The explanation was easy and simple to understand,The explanation made to sense.,1,0
58,The explanation was like mud,The explanation was easy and simple to understand,The explanation made to sense.,1,1
59,The explanation was like mud,The explanation was easy and simple to understand,The explanation made to sense.,1,1
60,The explanation was like mud,The explanation was easy and simple to understand,The explanation made to sense.,1,0
61,The explanation was like mud,The explanation was easy and simple to understand,The explanation made to sense.,1,0
62,The explanation was like mud,The explanation was easy and simple to understand,The explanation made to sense.,1,0
63,The explanation was like mud,The explanation was easy and simple to understand,The explanation made to sense.,1,0
64,The explanation was like mud,The explanation was easy and simple to understand,The explanation made to sense.,1,1
65,The explanation was like mud,The explanation was easy and simple to understand,The explanation made to sense.,1,1
66,The explanation was like mud,The explanation was easy and simple to understand,The explanation made to sense.,1,1
67,The explanation was like mud,The explanation was easy and simple to understand,The explanation made to sense.,1,1
68,The explanation was like mud,The explanation was easy and simple to understand,The explanation made to sense.,1,1
69,The explanation was like mud,The explanation was easy and simple to understand,The explanation made to sense.,1,1
70,The explanation was like mud,The explanation was easy and simple to understand,The explanation made to sense.,1,0
71,The explanation was like mud,The explanation was easy and simple to understand,The explanation made to sense.,1,0
72,The explanation was like mud,The explanation was easy and simple to understand,The explanation made to sense.,1,0
73,The explanation was like mud,The explanation was easy and simple to understand,The explanation made to sense.,1,1
74,The explanation was like mud,The explanation was easy and simple to understand,The explanation made to sense.,1,0
75,The explanation was like mud,The explanation was easy and simple to understand,The explanation made to sense.,1,0
76,The explanation was like mud,The explanation was easy and simple to understand,The explanation made to sense.,1,1
77,The explanation was like mud,The explanation was easy and simple to understand,The explanation made to sense.,1,1
78,The explanation was like mud,The explanation was easy and simple to understand,The explanation made to sense.,1,0
79,The explanation was like mud,The explanation was easy and simple to understand,The explanation made to sense.,1,1
80,The explanation was like mud,The explanation was easy and simple to understand,The explanation made to sense.,1,1
81,The explanation was like mud,The explanation was easy and simple to understand,The explanation made to sense.,1,1
82,The explanation was like mud,The explanation was easy and simple to understand,The explanation made to sense.,1,1
83,The explanation was like mud,The explanation was easy and simple to understand,The explanation made to sense.,1,1
84,The explanation was like mud,The explanation was easy and simple to understand,The explanation made to sense.,1,0
85,The explanation was like mud,The explanation was easy and simple to understand,The explanation made to sense.,1,0
86,The explanation was like mud,The explanation was easy and simple to understand,The explanation made to sense.,1,0
87,The explanation was like mud,The explanation was easy and simple to understand,The explanation made to sense.,1,0
88,The explanation was like mud,The explanation was easy and simple to understand,The explanation made to sense.,1,0
89,The explanation was like mud,The explanation was easy and simple to understand,The explanation made to sense.,1,0
90,The explanation was like mud,The explanation was easy and simple to understand,The explanation made to sense.,1,0
91,The explanation was like mud,The explanation was easy and simple to understand,The explanation made to sense.,1,0
92,The explanation was like mud,The explanation was easy and simple to understand,The explanation made to sense.,1,0
93,The explanation was like mud,The explanation was easy and simple to understand,The explanation made to sense.,1,0
94,The explanation was like mud,The explanation was easy and simple to understand,The explanation made to sense.,1,0
95,The explanation was like mud,The explanation was easy and simple to understand,The explanation made to sense.,1,0
96,The explanation was like mud,The explanation was easy and simple to understand,The explanation made to sense.,1,0
97,The explanation was like mud,The explanation was easy and simple to understand,The explanation made to sense.,1,1
98,The explanation was like mud,The explanation was easy and simple to understand,The explanation made to sense.,1,0
99,The explanation was like mud,The explanation was easy and simple to understand,The explanation made to sense.,1,0
100,The explanation was like mud,The explanation was easy and simple to understand,The explanation made to sense.,1,0
101,The explanation was like mud,The explanation was easy and simple to understand,The explanation made to sense.,1,1
102,The explanation was like mud,The explanation was easy and simple to understand,The explanation made to sense.,1,0
103,The explanation was like mud,The explanation was easy and simple to understand,The explanation made to sense.,1,0
104,The explanation was like mud,The explanation was easy and simple to understand,The explanation made to sense.,1,1
105,The explanation was like mud,The explanation was easy and simple to understand,The explanation made to sense.,1,1
106,The explanation was like mud,The explanation was easy and simple to understand,The explanation made to sense.,1,0
107,The explanation was like mud,The explanation was easy and simple to understand,The explanation made to sense.,1,0
108,The explanation was like mud,The explanation was easy and simple to understand,The explanation made to sense.,1,0
109,The explanation was like mud,The explanation was easy and simple to understand,The explanation made to sense.,1,0
110,The explanation was like mud,The explanation was easy and simple to understand,The explanation made to sense.,1,0
111,The explanation was like mud,The explanation was easy and simple to understand,The explanation made to sense.,1,0
112,The explanation was like mud,The explanation was easy and simple to understand,The explanation made to sense.,1,0
113,The explanation was like mud,The explanation was easy and simple to understand,The explanation made to sense.,1,0
114,The explanation was like mud,The explanation was easy and simple to understand,The explanation made to sense.,1,1
115,The explanation was like mud,The explanation was easy and simple to understand,The explanation made to sense.,1,1
116,The explanation was like mud,The explanation was easy and simple to understand,The explanation made to sense.,1,0
117,The explanation was like mud,The explanation was easy and simple to understand,The explanation made to sense.,1,0
118,The explanation was like mud,The explanation was easy and simple to understand,The explanation made to sense.,1,0
119,The explanation was like mud,The explanation was easy and simple to understand,The explanation made to sense.,1,0
120,The explanation was like mud,The explanation was easy and simple to understand,The explanation made to sense.,1,1
121,The explanation was like mud,The explanation was easy and simple to understand,The explanation made to sense.,1,1
122,The explanation was like mud,The explanation was easy and simple to understand,The explanation made to sense.,1,0
123,The explanation was like mud,The explanation was easy and simple to understand,The explanation made to sense.,1,0
124,The explanation was like mud,The explanation was easy and simple to understand,The explanation made to sense.,1,0
125,The explanation was like mud,The explanation was easy and simple to understand,The explanation made to sense.,1,0
126,The explanation was like mud,The explanation was easy and simple to understand,The explanation made to sense.,1,0
127,The explanation was like mud,The explanation was easy and simple to understand,The explanation made to sense.,1,0
128,The explanation was like mud,The explanation was easy and simple to understand,The explanation made to sense.,1,0
129,The explanation was like mud,The explanation was easy and simple to understand,The explanation made to sense.,1,0
130,The explanation was like mud,The explanation was easy and simple to understand,The explanation made to sense.,1,1
131,The explanation was like mud,The explanation was easy and simple to understand,The explanation made to sense.,1,1
132,The explanation was like mud,The explanation was easy and simple to understand,The explanation made to sense.,1,0
133,The explanation was like mud,The explanation was easy and simple to understand,The explanation made to sense.,1,0
134,The explanation was like mud,The explanation was easy and simple to understand,The explanation made to sense.,1,0
135,The explanation was like mud,The explanation was easy and simple to understand,The explanation made to sense.,1,0
136,The explanation was like mud,The explanation was easy and simple to understand,The explanation made to sense.,1,1
137,The explanation was like mud,The explanation was easy and simple to understand,The explanation made to sense.,1,1
138,The explanation was like mud,The explanation was easy and simple to understand,The explanation made to sense.,1,1
139,The explanation was like mud,The explanation was easy and simple to understand,The explanation made to sense.,1,1
140,The explanation was like mud,The explanation was easy and simple to understand,The explanation made to sense.,1,1
141,The explanation was like mud,The explanation was easy and simple to understand,The explanation made to sense.,1,1
142,The explanation was like mud,The explanation was easy and simple to understand,The explanation made to sense.,1,0
143,The explanation was like mud,The explanation was easy and simple to understand,The explanation made to sense.,1,0
144,The explanation was like mud,The explanation was easy and simple to understand,The explanation made to sense.,1,1
145,The explanation was like mud,The explanation was easy and simple to understand,The explanation made to sense.,1,1
146,The explanation was like mud,The explanation was easy and simple to understand,The explanation made to sense.,1,1
147,The explanation was like mud,The explanation was easy and simple to understand,The explanation made to sense.,1,1
148,The explanation was like mud,The explanation was easy and simple to understand,The explanation made to sense.,1,0
149,The explanation was like mud,The explanation was easy and simple to understand,The explanation made to sense.,1,0
150,The explanation was like mud,The explanation was easy and simple to understand,The explanation made to sense.,1,0
151,The explanation was like mud,The explanation was easy and simple to understand,The explanation made to sense.,1,0
152,The explanation was like mud,The explanation was easy and simple to understand,The explanation made to sense.,1,0
153,The explanation was like mud,The explanation was easy and simple to understand,The explanation made to sense.,1,0
154,The explanation was like mud,The explanation was easy and simple to understand,The explanation made to sense.,1,0
155,The explanation was like mud,The explanation was easy and simple to understand,The explanation made to sense.,1,0
156,The explanation was like mud,The explanation was easy and simple to understand,The explanation made to sense.,1,0
157,The explanation was like mud,The explanation was easy and simple to understand,The explanation made to sense.,1,1
158,The explanation was like mud,The explanation was easy and simple to understand,The explanation made to sense.,1,1
159,The explanation was like mud,The explanation was easy and simple to understand,The explanation made to sense.,1,1
160,The explanation was like mud,The explanation was easy and simple to understand,The explanation made to sense.,1,0
161,The explanation was like mud,The explanation was easy and simple to understand,The explanation made to sense.,1,0
162,The explanation was like mud,The explanation was easy and simple to understand,The explanation made to sense.,1,0
163,The explanation was like mud,The explanation was easy and simple to understand,The explanation made to sense.,1,0
164,The explanation was like mud,The explanation was easy and simple to understand,The explanation made to sense.,1,0
165,The explanation was like mud,The explanation was easy and simple to understand,The explanation made to sense.,1,0
166,The explanation was like mud,The explanation was easy and simple to understand,The explanation made to sense.,1,0
167,The explanation was like mud,The explanation was easy and simple to understand,The explanation made to sense.,1,0
168,The explanation was like mud,The explanation was easy and simple to understand,The explanation made to sense.,1,0
169,The explanation was like mud,The explanation was easy and simple to understand,The explanation made to sense.,1,0
170,The explanation was like mud,The explanation was easy and simple to understand,The explanation made to sense.,1,1
171,The explanation was like mud,The explanation was easy and simple to understand,The explanation made to sense.,1,1
172,The explanation was like mud,The explanation was easy and simple to understand,The explanation made to sense.,1,0
173,The explanation was like mud,The explanation was easy and simple to understand,The explanation made to sense.,1,0
174,The explanation was like mud,The explanation was easy and simple to understand,The explanation made to sense.,1,0
175,The explanation was like mud,The explanation was easy and simple to understand,The explanation made to sense.,1,0
176,The explanation was like mud,The explanation was easy and simple to understand,The explanation made to sense.,1,0
177,The explanation was like mud,The explanation was easy and simple to understand,The explanation made to sense.,1,1
178,The explanation was like mud,The explanation was easy and simple to understand,The explanation made to sense.,1,0
179,The explanation was like mud,The explanation was easy and simple to understand,The explanation made to sense.,1,0
180,The explanation was like mud,The explanation was easy and simple to understand,The explanation made to sense.,1,0
181,The explanation was like mud,The explanation was easy and simple to understand,The explanation made to sense.,1,0
182,The explanation was like mud,The explanation was easy and simple to understand,The explanation made to sense.,1,1
183,The explanation was like mud,The explanation was easy and simple to understand,The explanation made to sense.,1,1
184,The explanation was like mud,The explanation was easy and simple to understand,The explanation made to sense.,1,0
185,The explanation was like mud,The explanation was easy and simple to understand,The explanation made to sense.,1,1
186,The explanation was like mud,The explanation was easy and simple to understand,The explanation made to sense.,1,0
187,The explanation was like mud,The explanation was easy and simple to understand,The explanation made to sense.,1,0
188,The explanation was like mud,The explanation was easy and simple to understand,The explanation made to sense.,1,0
189,The explanation was like mud,The explanation was easy and simple to understand,The explanation made to sense.,1,0
190,The explanation was like mud,The explanation was easy and simple to understand,The explanation made to sense.,1,0
191,The explanation was like mud,The explanation was easy and simple to understand,The explanation made to sense.,1,1
192,The explanation was like mud,The explanation was easy and simple to understand,The explanation made to sense.,1,1
193,The explanation was like mud,The explanation was easy and simple to understand,The explanation made to sense.,1,1
194,The explanation was like mud,The explanation was easy and simple to understand,The explanation made to sense.,1,0
195,The explanation was like mud,The explanation was easy and simple to understand,The explanation made to sense.,1,0
196,The explanation was like mud,The explanation was easy and simple to understand,The explanation made to sense.,1,1
197,The explanation was like mud,The explanation was easy and simple to understand,The explanation made to sense.,1,1
198,The explanation was like mud,The explanation was easy and simple to understand,The explanation made to sense.,1,0
199,The explanation was like mud,The explanation was easy and simple to understand,The explanation made to sense.,1,0
200,The explanation was like mud,The explanation was easy and simple to understand,The explanation made to sense.,1,0
201,The explanation was like mud,The explanation was easy and simple to understand,The explanation made to sense.,1,0
202,The explanation was like mud,The explanation was easy and simple to understand,The explanation made to sense.,1,0
203,The explanation was like mud,The explanation was easy and simple to understand,The explanation made to sense.,1,0
204,The explanation was like mud,The explanation was easy and simple to understand,The explanation made to sense.,1,0
205,The explanation was like mud,The explanation was easy and simple to understand,The explanation made to sense.,1,0
206,The explanation was like mud,The explanation was easy and simple to understand,The explanation made to sense.,1,0
207,The explanation was like mud,The explanation was easy and simple to understand,The explanation made to sense.,1,0
208,The explanation was like mud,The explanation was easy and simple to understand,The explanation made to sense.,1,1
209,The explanation was like mud,The explanation was easy and simple to understand,The explanation made to sense.,1,1
210,The explanation was like mud,The explanation was easy and simple to understand,The explanation made to sense.,1,0
211,The explanation was like mud,The explanation was easy and simple to understand,The explanation made to sense.,1,0
212,The explanation was like mud,The explanation was easy and simple to understand,The explanation made to sense.,1,0
213,The explanation was like mud,The explanation was easy and simple to understand,The explanation made to sense.,1,0
214,The explanation was like mud,The explanation was easy and simple to understand,The explanation made to sense.,1,0
215,The explanation was like mud,The explanation was easy and simple to understand,The explanation made to sense.,1,0
216,The explanation was like mud,The explanation was easy and simple to understand,The explanation made to sense.,1,1
217,The explanation was like mud,The explanation was easy and simple to understand,The explanation made to sense.,1,0
218,The explanation was like mud,The explanation was easy and simple to understand,The explanation made to sense.,1,0
219,The explanation was like mud,The explanation was easy and simple to understand,The explanation made to sense.,1,0
220,The explanation was like mud,The explanation was easy and simple to understand,The explanation made to sense.,1,0
221,The explanation was like mud,The explanation was easy and simple to understand,The explanation made to sense.,1,0
222,The explanation was like mud,The explanation was easy and simple to understand,The explanation made to sense.,1,0
223,The explanation was like mud,The explanation was easy and simple to understand,The explanation made to sense.,1,0
224,The explanation was like mud,The explanation was easy and simple to understand,The explanation made to sense.,1,0
225,The explanation was like mud,The explanation was easy and simple to understand,The explanation made to sense.,1,0
226,The explanation was like mud,The explanation was easy and simple to understand,The explanation made to sense.,1,1
227,The explanation was like mud,The explanation was easy and simple to understand,The explanation made to sense.,1,1
228,The explanation was like mud,The explanation was easy and simple to understand,The explanation made to sense.,1,1
229,The explanation was like mud,The explanation was easy and simple to understand,The explanation made to sense.,1,1
230,The explanation was like mud,The explanation was easy and simple to understand,The explanation made to sense.,1,0
231,The explanation was like mud,The explanation was easy and simple to understand,The explanation made to sense.,1,0
232,The explanation was like mud,The explanation was easy and simple to understand,The explanation made to sense.,1,0
233,The explanation was like mud,The explanation was easy and simple to understand,The explanation made to sense.,1,0
234,The explanation was like mud,The explanation was easy and simple to understand,The explanation made to sense.,1,0
235,The explanation was like mud,The explanation was easy and simple to understand,The explanation made to sense.,1,0
236,The explanation was like mud,The explanation was easy and simple to understand,The explanation made to sense.,1,1
237,The explanation was like mud,The explanation was easy and simple to understand,The explanation made to sense.,1,1
238,The explanation was like mud,The explanation was easy and simple to understand,The explanation made to sense.,1,1
239,The explanation was like mud,The explanation was easy and simple to understand,The explanation made to sense.,1,1
240,The explanation was like mud,The explanation was easy and simple to understand,The explanation made to sense.,1,1
241,The explanation was like mud,The explanation was easy and simple to understand,The explanation made to sense.,1,1
242,The explanation was like mud,The explanation was easy and simple to understand,The explanation made to sense.,1,0
243,The explanation was like mud,The explanation was easy and simple to understand,The explanation made to sense.,1,0
244,The explanation was like mud,The explanation was easy and simple to understand,The explanation made to sense.,1,0
245,The explanation was like mud,The explanation was easy and simple to understand,The explanation made to sense.,1,0
246,The explanation was like mud,The explanation was easy and simple to understand,The explanation made to sense.,1,0
247,The explanation was like mud,The explanation was easy and simple to understand,The explanation made to sense.,1,0
248,The explanation was like mud,The explanation was easy and simple to understand,The explanation made to sense.,1,1
249,The explanation was like mud,The explanation was easy and simple to understand,The explanation made to sense.,1,1
250,The explanation was like mud,The explanation was easy and simple to understand,The explanation made to sense.,1,0
251,The explanation was like mud,The explanation was easy and simple to understand,The explanation made to sense.,1,0
252,The explanation was like mud,The explanation was easy and simple to understand,The explanation made to sense.,1,0
253,The explanation was like mud,The explanation was easy and simple to understand,The explanation made to sense.,1,1
254,The explanation was like mud,The explanation was easy and simple to understand,The explanation made to sense.,1,0
255,The explanation was like mud,The explanation was easy and simple to understand,The explanation made to sense.,1,0
256,The explanation was like mud,The explanation was easy and simple to understand,The explanation made to sense.,1,0
257,The explanation was like mud,The explanation was easy and simple to understand,The explanation made to sense.,1,1
258,The explanation was like mud,The explanation was easy and simple to understand,The explanation made to sense.,1,0
259,The explanation was like mud,The explanation was easy and simple to understand,The explanation made to sense.,1,0
260,The explanation was like mud,The explanation was easy and simple to understand,The explanation made to sense.,1,1
261,The explanation was like mud,The explanation was easy and simple to understand,The explanation made to sense.,1,1
262,The explanation was like mud,The explanation was easy and simple to understand,The explanation made to sense.,1,0
263,The explanation was like mud,The explanation was easy and simple to understand,The explanation made to sense.,1,0
264,The explanation was like mud,The explanation was easy and simple to understand,The explanation made to sense.,1,0
265,The explanation was like mud,The explanation was easy and simple to understand,The explanation made to sense.,1,0
266,The explanation was like mud,The explanation was easy and simple to understand,The explanation made to sense.,1,1
267,The explanation was like mud,The explanation was easy and simple to understand,The explanation made to sense.,1,1
268,The explanation was like mud,The explanation was easy and simple to understand,The explanation made to sense.,1,1
269,The explanation was like mud,The explanation was easy and simple to understand,The explanation made to sense.,1,1
270,The explanation was like mud,The explanation was easy and simple to understand,The explanation made to sense.,1,0
271,The explanation was like mud,The explanation was easy and simple to understand,The explanation made to sense.,1,1
272,The explanation was like mud,The explanation was easy and simple to understand,The explanation made to sense.,1,0
273,The explanation was like mud,The explanation was easy and simple to understand,The explanation made to sense.,1,0
274,The explanation was like mud,The explanation was easy and simple to understand,The explanation made to sense.,1,0
275,The explanation was like mud,The explanation was easy and simple to understand,The explanation made to sense.,1,0
276,The explanation was like mud,The explanation was easy and simple to understand,The explanation made to sense.,1,1
277,The explanation was like mud,The explanation was easy and simple to understand,The explanation made to sense.,1,1
278,The explanation was like mud,The explanation was easy and simple to understand,The explanation made to sense.,1,1
279,The explanation was like mud,The explanation was easy and simple to understand,The explanation made to sense.,1,1
280,The explanation was like mud,The explanation was easy and simple to understand,The explanation made to sense.,1,0
281,The explanation was like mud,The explanation was easy and simple to understand,The explanation made to sense.,1,0
282,The explanation was like mud,The explanation was easy and simple to understand,The explanation made to sense.,1,0
283,The explanation was like mud,The explanation was easy and simple to understand,The explanation made to sense.,1,0
284,The explanation was like mud,The explanation was easy and simple to understand,The explanation made to sense.,1,0
285,The explanation was like mud,The explanation was easy and simple to understand,The explanation made to sense.,1,0
286,The explanation was like mud,The explanation was easy and simple to understand,The explanation made to sense.,1,0
287,The explanation was like mud,The explanation was easy and simple to understand,The explanation made to sense.,1,0
288,The explanation was like mud,The explanation was easy and simple to understand,The explanation made to sense.,1,0
289,The explanation was like mud,The explanation was easy and simple to understand,The explanation made to sense.,1,0
290,The explanation was like mud,The explanation was easy and simple to understand,The explanation made to sense.,1,0
291,The explanation was like mud,The explanation was easy and simple to understand,The explanation made to sense.,1,0
292,The explanation was like mud,The explanation was easy and simple to understand,The explanation made to sense.,1,0
293,The explanation was like mud,The explanation was easy and simple to understand,The explanation made to sense.,1,0
294,The explanation was like mud,The explanation was easy and simple to understand,The explanation made to sense.,1,0
295,The explanation was like mud,The explanation was easy and simple to understand,The explanation made to sense.,1,0
296,The explanation was like mud,The explanation was easy and simple to understand,The explanation made to sense.,1,0
297,The explanation was like mud,The explanation was easy and simple to understand,The explanation made to sense.,1,1
298,The explanation was like mud,The explanation was easy and simple to understand,The explanation made to sense.,1,0
299,The explanation was like mud,The explanation was easy and simple to understand,The explanation made to sense.,1,0
300,The explanation was like mud,The explanation was easy and simple to understand,The explanation made to sense.,1,0
301,The explanation was like mud,The explanation was easy and simple to understand,The explanation made to sense.,1,0
302,The explanation was like mud,The explanation was easy and simple to understand,The explanation made to sense.,1,0
303,The explanation was like mud,The explanation was easy and simple to understand,The explanation made to sense.,1,0
304,The explanation was like mud,The explanation was easy and simple to understand,The explanation made to sense.,1,0
305,The explanation was like mud,The explanation was easy and simple to understand,The explanation made to sense.,1,0
306,The explanation was like mud,The explanation was easy and simple to understand,The explanation made to sense.,1,0
307,The explanation was like mud,The explanation was easy and simple to understand,The explanation made to sense.,1,0
308,The explanation was like mud,The explanation was easy and simple to understand,The explanation made to sense.,1,1
309,The explanation was like mud,The explanation was easy and simple to understand,The explanation made to sense.,1,1
310,The explanation was like mud,The explanation was easy and simple to understand,The explanation made to sense.,1,0
311,The explanation was like mud,The explanation was easy and simple to understand,The explanation made to sense.,1,0
312,The explanation was like mud,The explanation was easy and simple to understand,The explanation made to sense.,1,0
313,The explanation was like mud,The explanation was easy and simple to understand,The explanation made to sense.,1,0
314,The explanation was like mud,The explanation was easy and simple to understand,The explanation made to sense.,1,0
315,The explanation was like mud,The explanation was easy and simple to understand,The explanation made to sense.,1,0
316,The explanation was like mud,The explanation was easy and simple to understand,The explanation made to sense.,1,1
317,The explanation was like mud,The explanation was easy and simple to understand,The explanation made to sense.,1,1
318,The explanation was like mud,The explanation was easy and simple to understand,The explanation made to sense.,1,0
319,The explanation was like mud,The explanation was easy and simple to understand,The explanation made to sense.,1,0
320,The explanation was like mud,The explanation was easy and simple to understand,The explanation made to sense.,1,0
321,The explanation was like mud,The explanation was easy and simple to understand,The explanation made to sense.,1,0
322,The explanation was like mud,The explanation was easy and simple to understand,The explanation made to sense.,1,0
323,The explanation was like mud,The explanation was easy and simple to understand,The explanation made to sense.,1,1
324,The explanation was like mud,The explanation was easy and simple to understand,The explanation made to sense.,1,0
325,The explanation was like mud,The explanation was easy and simple to understand,The explanation made to sense.,1,0
326,The explanation was like mud,The explanation was easy and simple to understand,The explanation made to sense.,1,0
327,The explanation was like mud,The explanation was easy and simple to understand,The explanation made to sense.,1,0
328,The explanation was like mud,The explanation was easy and simple to understand,The explanation made to sense.,1,0
329,The explanation was like mud,The explanation was easy and simple to understand,The explanation made to sense.,1,0
330,The explanation was like mud,The explanation was easy and simple to understand,The explanation made to sense.,1,0
331,The explanation was like mud,The explanation was easy and simple to understand,The explanation made to sense.,1,0
332,The explanation was like mud,The explanation was easy and simple to understand,The explanation made to sense.,1,1
333,The explanation was like mud,The explanation was easy and simple to understand,The explanation made to sense.,1,1
334,The explanation was like mud,The explanation was easy and simple to understand,The explanation made to sense.,1,0
335,The explanation was like mud,The explanation was easy and simple to understand,The explanation made to sense.,1,0
336,The explanation was like mud,The explanation was easy and simple to understand,The explanation made to sense.,1,0
337,The explanation was like mud,The explanation was easy and simple to understand,The explanation made to sense.,1,0
338,The explanation was like mud,The explanation was easy and simple to understand,The explanation made to sense.,1,0
339,The explanation was like mud,The explanation was easy and simple to understand,The explanation made to sense.,1,0
340,The explanation was like mud,The explanation was easy and simple to understand,The explanation made to sense.,1,0
341,The explanation was like mud,The explanation was easy and simple to understand,The explanation made to sense.,1,0
342,The explanation was like mud,The explanation was easy and simple to understand,The explanation made to sense.,1,0
343,The explanation was like mud,The explanation was easy and simple to understand,The explanation made to sense.,1,0
344,The explanation was like mud,The explanation was easy and simple to understand,The explanation made to sense.,1,0
345,The explanation was like mud,The explanation was easy and simple to understand,The explanation made to sense.,1,0
346,The explanation was like mud,The explanation was easy and simple to understand,The explanation made to sense.,1,0
347,The explanation was like mud,The explanation was easy and simple to understand,The explanation made to sense.,1,0
348,The explanation was like mud,The explanation was easy and simple to understand,The explanation made to sense.,1,0
349,The explanation was like mud,The explanation was easy and simple to understand,The explanation made to sense.,1,0
350,The explanation was like mud,The explanation was easy and simple to understand,The explanation made to sense.,1,0
351,The explanation was like mud,The explanation was easy and simple to understand,The explanation made to sense.,1,0
352,The explanation was like mud,The explanation was easy and simple to understand,The explanation made to sense.,1,1
353,The explanation was like mud,The explanation was easy and simple to understand,The explanation made to sense.,1,1
354,The explanation was like mud,The explanation was easy and simple to understand,The explanation made to sense.,1,0
355,The explanation was like mud,The explanation was easy and simple to understand,The explanation made to sense.,1,0
356,The explanation was like mud,The explanation was easy and simple to understand,The explanation made to sense.,1,0
357,The explanation was like mud,The explanation was easy and simple to understand,The explanation made to sense.,1,0
358,The explanation was like mud,The explanation was easy and simple to understand,The explanation made to sense.,1,1
359,The explanation was like mud,The explanation was easy and simple to understand,The explanation made to sense.,1,1
360,The explanation was like mud,The explanation was easy and simple to understand,The explanation made to sense.,1,0
361,The explanation was like mud,The explanation was easy and simple to understand,The explanation made to sense.,1,1
362,The explanation was like mud,The explanation was easy and simple to understand,The explanation made to sense.,1,0
363,The explanation was like mud,The explanation was easy and simple to understand,The explanation made to sense.,1,0
364,The explanation was like mud,The explanation was easy and simple to understand,The explanation made to sense.,1,0
365,The explanation was like mud,The explanation was easy and simple to understand,The explanation made to sense.,1,0
366,The explanation was like mud,The explanation was easy and simple to understand,The explanation made to sense.,1,0
367,The explanation was like mud,The explanation was easy and simple to understand,The explanation made to sense.,1,0
368,The explanation was like mud,The explanation was easy and simple to understand,The explanation made to sense.,1,1
369,The explanation was like mud,The explanation was easy and simple to understand,The explanation made to sense.,1,1
370,The explanation was like mud,The explanation was easy and simple to understand,The explanation made to sense.,1,0
371,The explanation was like mud,The explanation was easy and simple to understand,The explanation made to sense.,1,0
372,The explanation was like mud,The explanation was easy and simple to understand,The explanation made to sense.,1,0
373,The explanation was like mud,The explanation was easy and simple to understand,The explanation made to sense.,1,1
374,The explanation was like mud,The explanation was easy and simple to understand,The explanation made to sense.,1,0
375,The explanation was like mud,The explanation was easy and simple to understand,The explanation made to sense.,1,0
376,The explanation was like mud,The explanation was easy and simple to understand,The explanation made to sense.,1,0
377,The explanation was like mud,The explanation was easy and simple to understand,The explanation made to sense.,1,0
378,The explanation was like mud,The explanation was easy and simple to understand,The explanation made to sense.,1,0
379,The explanation was like mud,The explanation was easy and simple to understand,The explanation made to sense.,1,0
380,The explanation was like mud,The explanation was easy and simple to understand,The explanation made to sense.,1,0
381,The explanation was like mud,The explanation was easy and simple to understand,The explanation made to sense.,1,0
382,The explanation was like mud,The explanation was easy and simple to understand,The explanation made to sense.,1,1
383,The explanation was like mud,The explanation was easy and simple to understand,The explanation made to sense.,1,1
384,The explanation was like mud,The explanation was easy and simple to understand,The explanation made to sense.,1,1
385,The explanation was like mud,The explanation was easy and simple to understand,The explanation made to sense.,1,1
386,The explanation was like mud,The explanation was easy and simple to understand,The explanation made to sense.,1,0
387,The explanation was like mud,The explanation was easy and simple to understand,The explanation made to sense.,1,0
388,The explanation was like mud,The explanation was easy and simple to understand,The explanation made to sense.,1,1
389,The explanation was like mud,The explanation was easy and simple to understand,The explanation made to sense.,1,1
390,The explanation was like mud,The explanation was easy and simple to understand,The explanation made to sense.,1,1
391,The explanation was like mud,The explanation was easy and simple to understand,The explanation made to sense.,1,1
392,The explanation was like mud,The explanation was easy and simple to understand,The explanation made to sense.,1,0
393,The explanation was like mud,The explanation was easy and simple to understand,The explanation made to sense.,1,0
394,The explanation was like mud,The explanation was easy and simple to understand,The explanation made to sense.,1,0
395,The explanation was like mud,The explanation was easy and simple to understand,The explanation made to sense.,1,0
396,The explanation was like mud,The explanation was easy and simple to understand,The explanation made to sense.,1,1
397,The explanation was like mud,The explanation was easy and simple to understand,The explanation made to sense.,1,1
398,The explanation was like mud,The explanation was easy and simple to understand,The explanation made to sense.,1,0
399,The explanation was like mud,The explanation was easy and simple to understand,The explanation made to sense.,1,1
400,The explanation was like mud,The explanation was easy and simple to understand,The explanation made to sense.,1,0
401,The explanation was like mud,The explanation was easy and simple to understand,The explanation made to sense.,1,0
402,The explanation was like mud,The explanation was easy and simple to understand,The explanation made to sense.,1,1
403,The explanation was like mud,The explanation was easy and simple to understand,The explanation made to sense.,1,1
404,The explanation was like mud,The explanation was easy and simple to understand,The explanation made to sense.,1,1
405,The explanation was like mud,The explanation was easy and simple to understand,The explanation made to sense.,1,1
406,The explanation was like mud,The explanation was easy and simple to understand,The explanation made to sense.,1,0
407,The explanation was like mud,The explanation was easy and simple to understand,The explanation made to sense.,1,0
408,The explanation was like mud,The explanation was easy and simple to understand,The explanation made to sense.,1,0
409,The explanation was like mud,The explanation was easy and simple to understand,The explanation made to sense.,1,0
410,The explanation was like mud,The explanation was easy and simple to understand,The explanation made to sense.,1,0
411,The explanation was like mud,The explanation was easy and simple to understand,The explanation made to sense.,1,0
412,The explanation was like mud,The explanation was easy and simple to understand,The explanation made to sense.,1,1
413,The explanation was like mud,The explanation was easy and simple to understand,The explanation made to sense.,1,1
414,The explanation was like mud,The explanation was easy and simple to understand,The explanation made to sense.,1,0
415,The explanation was like mud,The explanation was easy and simple to understand,The explanation made to sense.,1,0
416,The explanation was like mud,The explanation was easy and simple to understand,The explanation made to sense.,1,1
417,The explanation was like mud,The explanation was easy and simple to understand,The explanation made to sense.,1,1
418,The explanation was like mud,The explanation was easy and simple to understand,The explanation made to sense.,1,1
419,The explanation was like mud,The explanation was easy and simple to understand,The explanation made to sense.,1,1
420,The explanation was like mud,The explanation was easy and simple to understand,The explanation made to sense.,1,0
421,The explanation was like mud,The explanation was easy and simple to understand,The explanation made to sense.,1,0
422,The explanation was like mud,The explanation was easy and simple to understand,The explanation made to sense.,1,1
423,The explanation was like mud,The explanation was easy and simple to understand,The explanation made to sense.,1,1
424,The explanation was like mud,The explanation was easy and simple to understand,The explanation made to sense.,1,0
425,The explanation was like mud,The explanation was easy and simple to understand,The explanation made to sense.,1,0
426,The explanation was like mud,The explanation was easy and simple to understand,The explanation made to sense.,1,0
427,The explanation was like mud,The explanation was easy and simple to understand,The explanation made to sense.,1,0
428,The explanation was like mud,The explanation was easy and simple to understand,The explanation made to sense.,1,0
429,The explanation was like mud,The explanation was easy and simple to understand,The explanation made to sense.,1,0
430,The explanation was like mud,The explanation was easy and simple to understand,The explanation made to sense.,1,0
431,The explanation was like mud,The explanation was easy and simple to understand,The explanation made to sense.,1,0
432,The explanation was like mud,The explanation was easy and simple to understand,The explanation made to sense.,1,1
433,The explanation was like mud,The explanation was easy and simple to understand,The explanation made to sense.,1,1
434,The explanation was like mud,The explanation was easy and simple to understand,The explanation made to sense.,1,1
435,The explanation was like mud,The explanation was easy and simple to understand,The explanation made to sense.,1,1
436,The explanation was like mud,The explanation was easy and simple to understand,The explanation made to sense.,1,1
437,The explanation was like mud,The explanation was easy and simple to understand,The explanation made to sense.,1,1
438,The explanation was like mud,The explanation was easy and simple to understand,The explanation made to sense.,1,0
439,The explanation was like mud,The explanation was easy and simple to understand,The explanation made to sense.,1,0
440,The explanation was like mud,The explanation was easy and simple to understand,The explanation made to sense.,1,0
441,The explanation was like mud,The explanation was easy and simple to understand,The explanation made to sense.,1,0
442,The explanation was like mud,The explanation was easy and simple to understand,The explanation made to sense.,1,1
443,The explanation was like mud,The explanation was easy and simple to understand,The explanation made to sense.,1,1
444,The explanation was like mud,The explanation was easy and simple to understand,The explanation made to sense.,1,0
445,The explanation was like mud,The explanation was easy and simple to understand,The explanation made to sense.,1,0
446,The explanation was like mud,The explanation was easy and simple to understand,The explanation made to sense.,1,0
447,The explanation was like mud,The explanation was easy and simple to understand,The explanation made to sense.,1,1
448,The explanation was like mud,The explanation was easy and simple to understand,The explanation made to sense.,1,0
449,The explanation was like mud,The explanation was easy and simple to understand,The explanation made to sense.,1,1
450,The explanation was like mud,The explanation was easy and simple to understand,The explanation made to sense.,1,1
451,The explanation was like mud,The explanation was easy and simple to understand,The explanation made to sense.,1,1
452,The explanation was like mud,The explanation was easy and simple to understand,The explanation made to sense.,1,0
453,The explanation was like mud,The explanation was easy and simple to understand,The explanation made to sense.,1,0
454,The explanation was like mud,The explanation was easy and simple to understand,The explanation made to sense.,1,0
455,The explanation was like mud,The explanation was easy and simple to understand,The explanation made to sense.,1,0
456,The explanation was like mud,The explanation was easy and simple to understand,The explanation made to sense.,1,0
457,The explanation was like mud,The explanation was easy and simple to understand,The explanation made to sense.,1,0
458,The explanation was like mud,The explanation was easy and simple to understand,The explanation made to sense.,1,1
459,The explanation was like mud,The explanation was easy and simple to understand,The explanation made to sense.,1,1
460,The explanation was like mud,The explanation was easy and simple to understand,The explanation made to sense.,1,0
461,The explanation was like mud,The explanation was easy and simple to understand,The explanation made to sense.,1,0
462,The explanation was like mud,The explanation was easy and simple to understand,The explanation made to sense.,1,1
463,The explanation was like mud,The explanation was easy and simple to understand,The explanation made to sense.,1,1
464,The explanation was like mud,The explanation was easy and simple to understand,The explanation made to sense.,1,0
465,The explanation was like mud,The explanation was easy and simple to understand,The explanation made to sense.,1,1
466,The explanation was like mud,The explanation was easy and simple to understand,The explanation made to sense.,1,1
467,The explanation was like mud,The explanation was easy and simple to understand,The explanation made to sense.,1,1
468,The explanation was like mud,The explanation was easy and simple to understand,The explanation made to sense.,1,1
469,The explanation was like mud,The explanation was easy and simple to understand,The explanation made to sense.,1,1
470,The explanation was like mud,The explanation was easy and simple to understand,The explanation made to sense.,1,1
471,The explanation was like mud,The explanation was easy and simple to understand,The explanation made to sense.,1,1
472,The explanation was like mud,The explanation was easy and simple to understand,The explanation made to sense.,1,0
473,The explanation was like mud,The explanation was easy and simple to understand,The explanation made to sense.,1,0
474,The explanation was like mud,The explanation was easy and simple to understand,The explanation made to sense.,1,1
475,The explanation was like mud,The explanation was easy and simple to understand,The explanation made to sense.,1,1
476,The explanation was like mud,The explanation was easy and simple to understand,The explanation made to sense.,1,1
477,The explanation was like mud,The explanation was easy and simple to understand,The explanation made to sense.,1,1
478,The explanation was like mud,The explanation was easy and simple to understand,The explanation made to sense.,1,0
479,The explanation was like mud,The explanation was easy and simple to understand,The explanation made to sense.,1,0
480,The explanation was like mud,The explanation was easy and simple to understand,The explanation made to sense.,1,1
481,The explanation was like mud,The explanation was easy and simple to understand,The explanation made to sense.,1,1
482,The explanation was like mud,The explanation was easy and simple to understand,The explanation made to sense.,1,1
483,The explanation was like mud,The explanation was easy and simple to understand,The explanation made to sense.,1,0
484,The explanation was like mud,The explanation was easy and simple to understand,The explanation made to sense.,1,0
485,The explanation was like mud,The explanation was easy and simple to understand,The explanation made to sense.,1,1
486,The explanation was like mud,The explanation was easy and simple to understand,The explanation made to sense.,1,0
487,The explanation was like mud,The explanation was easy and simple to understand,The explanation made to sense.,1,0
488,The explanation was like mud,The explanation was easy and simple to understand,The explanation made to sense.,1,1
489,The explanation was like mud,The explanation was easy and simple to understand,The explanation made to sense.,1,1
490,The explanation was like mud,The explanation was easy and simple to understand,The explanation made to sense.,1,1
491,The explanation was like mud,The explanation was easy and simple to understand,The explanation made to sense.,1,1
492,The explanation was like mud,The explanation was easy and simple to understand,The explanation made to sense.,1,0
493,The explanation was like mud,The explanation was easy and simple to understand,The explanation made to sense.,1,0
494,The explanation was like mud,The explanation was easy and simple to understand,The explanation made to sense.,1,0
495,The explanation was like mud,The explanation was easy and simple to understand,The explanation made to sense.,1,0
496,The explanation was like mud,The explanation was easy and simple to understand,The explanation made to sense.,1,0
497,The explanation was like mud,The explanation was easy and simple to understand,The explanation made to sense.,1,0
498,The explanation was like mud,The explanation was easy and simple to understand,The explanation made to sense.,1,0
499,The explanation was like mud,The explanation was easy and simple to understand,The explanation made to sense.,1,0
500,The explanation was like mud,The explanation was easy and simple to understand,The explanation made to sense.,1,0
501,The explanation was like mud,The explanation was easy and simple to understand,The explanation made to sense.,1,0
502,The explanation was like mud,The explanation was easy and simple to understand,The explanation made to sense.,1,0
503,The explanation was like mud,The explanation was easy and simple to understand,The explanation made to sense.,1,0
504,The explanation was like mud,The explanation was easy and simple to understand,The explanation made to sense.,1,1
505,The explanation was like mud,The explanation was easy and simple to understand,The explanation made to sense.,1,1
506,The explanation was like mud,The explanation was easy and simple to understand,The explanation made to sense.,1,1
507,The explanation was like mud,The explanation was easy and simple to understand,The explanation made to sense.,1,1
508,The explanation was like mud,The explanation was easy and simple to understand,The explanation made to sense.,1,0
509,The explanation was like mud,The explanation was easy and simple to understand,The explanation made to sense.,1,0
510,The explanation was like mud,The explanation was easy and simple to understand,The explanation made to sense.,1,1
511,The explanation was like mud,The explanation was easy and simple to understand,The explanation made to sense.,1,1
512,The explanation was like mud,The explanation was easy and simple to understand,The explanation made to sense.,1,0
513,The explanation was like mud,The explanation was easy and simple to understand,The explanation made to sense.,1,0
514,The explanation was like mud,The explanation was easy and simple to understand,The explanation made to sense.,1,0
515,The explanation was like mud,The explanation was easy and simple to understand,The explanation made to sense.,1,1
516,The explanation was like mud,The explanation was easy and simple to understand,The explanation made to sense.,1,0
517,The explanation was like mud,The explanation was easy and simple to understand,The explanation made to sense.,1,0
518,The explanation was like mud,The explanation was easy and simple to understand,The explanation made to sense.,1,1
519,The explanation was like mud,The explanation was easy and simple to understand,The explanation made to sense.,1,1
520,The explanation was like mud,The explanation was easy and simple to understand,The explanation made to sense.,1,1
521,The explanation was like mud,The explanation was easy and simple to understand,The explanation made to sense.,1,1
522,The explanation was like mud,The explanation was easy and simple to understand,The explanation made to sense.,1,0
523,The explanation was like mud,The explanation was easy and simple to understand,The explanation made to sense.,1,0
524,The explanation was like mud,The explanation was easy and simple to understand,The explanation made to sense.,1,1
525,The explanation was like mud,The explanation was easy and simple to understand,The explanation made to sense.,1,1
526,The explanation was like mud,The explanation was easy and simple to understand,The explanation made to sense.,1,0
527,The explanation was like mud,The explanation was easy and simple to understand,The explanation made to sense.,1,0
528,The explanation was like mud,The explanation was easy and simple to understand,The explanation made to sense.,1,0
529,The explanation was like mud,The explanation was easy and simple to understand,The explanation made to sense.,1,0
530,The explanation was like mud,The explanation was easy and simple to understand,The explanation made to sense.,1,0
531,The explanation was like mud,The explanation was easy and simple to understand,The explanation made to sense.,1,0
532,The explanation was like mud,The explanation was easy and simple to understand,The explanation made to sense.,1,1
533,The explanation was like mud,The explanation was easy and simple to understand,The explanation made to sense.,1,1
534,The explanation was like mud,The explanation was easy and simple to understand,The explanation made to sense.,1,1
535,The explanation was like mud,The explanation was easy and simple to understand,The explanation made to sense.,1,1
536,The explanation was like mud,The explanation was easy and simple to understand,The explanation made to sense.,1,1
537,The explanation was like mud,The explanation was easy and simple to understand,The explanation made to sense.,1,1
538,The explanation was like mud,The explanation was easy and simple to understand,The explanation made to sense.,1,1
539,The explanation was like mud,The explanation was easy and simple to understand,The explanation made to sense.,1,1
540,The explanation was like mud,The explanation was easy and simple to understand,The explanation made to sense.,1,1
541,The explanation was like mud,The explanation was easy and simple to understand,The explanation made to sense.,1,1
542,The explanation was like mud,The explanation was easy and simple to understand,The explanation made to sense.,1,0
543,The explanation was like mud,The explanation was easy and simple to understand,The explanation made to sense.,1,0
544,The explanation was like mud,The explanation was easy and simple to understand,The explanation made to sense.,1,0
545,The explanation was like mud,The explanation was easy and simple to understand,The explanation made to sense.,1,0
546,The explanation was like mud,The explanation was easy and simple to understand,The explanation made to sense.,1,0
547,The explanation was like mud,The explanation was easy and simple to understand,The explanation made to sense.,1,1
548,The explanation was like mud,The explanation was easy and simple to understand,The explanation made to sense.,1,1
549,The explanation was like mud,The explanation was easy and simple to understand,The explanation made to sense.,1,1
550,The explanation was like mud,The explanation was easy and simple to understand,The explanation made to sense.,1,1
551,The explanation was like mud,The explanation was easy and simple to understand,The explanation made to sense.,1,1
552,The explanation was like mud,The explanation was easy and simple to understand,The explanation made to sense.,1,1
553,The explanation was like mud,The explanation was easy and simple to understand,The explanation made to sense.,1,1
554,The explanation was like mud,The explanation was easy and simple to understand,The explanation made to sense.,1,0
555,The explanation was like mud,The explanation was easy and simple to understand,The explanation made to sense.,1,0
556,The explanation was like mud,The explanation was easy and simple to understand,The explanation made to sense.,1,0
557,The explanation was like mud,The explanation was easy and simple to understand,The explanation made to sense.,1,0
558,The explanation was like mud,The explanation was easy and simple to understand,The explanation made to sense.,1,0
559,The explanation was like mud,The explanation was easy and simple to understand,The explanation made to sense.,1,0
560,The explanation was like mud,The explanation was easy and simple to understand,The explanation made to sense.,1,1
561,The explanation was like mud,The explanation was easy and simple to understand,The explanation made to sense.,1,1
562,The explanation was like mud,The explanation was easy and simple to understand,The explanation made to sense.,1,0
563,The explanation was like mud,The explanation was easy and simple to understand,The explanation made to sense.,1,0
564,The explanation was like mud,The explanation was easy and simple to understand,The explanation made to sense.,1,0
565,The explanation was like mud,The explanation was easy and simple to understand,The explanation made to sense.,1,0
566,The explanation was like mud,The explanation was easy and simple to understand,The explanation made to sense.,1,0
567,The explanation was like mud,The explanation was easy and simple to understand,The explanation made to sense.,1,0
568,The explanation was like mud,The explanation was easy and simple to understand,The explanation made to sense.,1,0
569,The explanation was like mud,The explanation was easy and simple to understand,The explanation made to sense.,1,0
570,The explanation was like mud,The explanation was easy and simple to understand,The explanation made to sense.,1,1
571,The explanation was like mud,The explanation was easy and simple to understand,The explanation made to sense.,1,1
572,The explanation was like mud,The explanation was easy and simple to understand,The explanation made to sense.,1,1
573,The explanation was like mud,The explanation was easy and simple to understand,The explanation made to sense.,1,1
574,The explanation was like mud,The explanation was easy and simple to understand,The explanation made to sense.,1,1
575,The explanation was like mud,The explanation was easy and simple to understand,The explanation made to sense.,1,1
576,The explanation was like mud,The explanation was easy and simple to understand,The explanation made to sense.,1,0
577,The explanation was like mud,The explanation was easy and simple to understand,The explanation made to sense.,1,0
578,The explanation was like mud,The explanation was easy and simple to understand,The explanation made to sense.,1,0
579,The explanation was like mud,The explanation was easy and simple to understand,The explanation made to sense.,1,0
580,The explanation was like mud,The explanation was easy and simple to understand,The explanation made to sense.,1,0
581,The explanation was like mud,The explanation was easy and simple to understand,The explanation made to sense.,1,0
582,The explanation was like mud,The explanation was easy and simple to understand,The explanation made to sense.,1,0
583,The explanation was like mud,The explanation was easy and simple to understand,The explanation made to sense.,1,0
584,The explanation was like mud,The explanation was easy and simple to understand,The explanation made to sense.,1,0
585,The explanation was like mud,The explanation was easy and simple to understand,The explanation made to sense.,1,0
586,The explanation was like mud,The explanation was easy and simple to understand,The explanation made to sense.,1,1
587,The explanation was like mud,The explanation was easy and simple to understand,The explanation made to sense.,1,1
588,The explanation was like mud,The explanation was easy and simple to understand,The explanation made to sense.,1,0
589,The explanation was like mud,The explanation was easy and simple to understand,The explanation made to sense.,1,0
590,The explanation was like mud,The explanation was easy and simple to understand,The explanation made to sense.,1,0
591,The explanation was like mud,The explanation was easy and simple to understand,The explanation made to sense.,1,0
592,The explanation was like mud,The explanation was easy and simple to understand,The explanation made to sense.,1,1
593,The explanation was like mud,The explanation was easy and simple to understand,The explanation made to sense.,1,1
594,The explanation was like mud,The explanation was easy and simple to understand,The explanation made to sense.,1,1
595,The explanation was like mud,The explanation was easy and simple to understand,The explanation made to sense.,1,1
596,The explanation was like mud,The explanation was easy and simple to understand,The explanation made to sense.,1,1
597,The explanation was like mud,The explanation was easy and simple to understand,The explanation made to sense.,1,1
598,The explanation was like mud,The explanation was easy and simple to understand,The explanation made to sense.,1,0
599,The explanation was like mud,The explanation was easy and simple to understand,The explanation made to sense.,1,1
600,The explanation was like mud,The explanation was easy and simple to understand,The explanation made to sense.,1,0
601,The explanation was like mud,The explanation was easy and simple to understand,The explanation made to sense.,1,0
602,The explanation was like mud,The explanation was easy and simple to understand,The explanation made to sense.,1,0
603,The explanation was like mud,The explanation was easy and simple to understand,The explanation made to sense.,1,1
604,The explanation was like mud,The explanation was easy and simple to understand,The explanation made to sense.,1,0
605,The explanation was like mud,The explanation was easy and simple to understand,The explanation made to sense.,1,0
606,The explanation was like mud,The explanation was easy and simple to understand,The explanation made to sense.,1,1
607,The explanation was like mud,The explanation was easy and simple to understand,The explanation made to sense.,1,1
608,The explanation was like mud,The explanation was easy and simple to understand,The explanation made to sense.,1,1
609,The explanation was like mud,The explanation was easy and simple to understand,The explanation made to sense.,1,1
610,The explanation was like mud,The explanation was easy and simple to understand,The explanation made to sense.,1,1
611,The explanation was like mud,The explanation was easy and simple to understand,The explanation made to sense.,1,1
612,The explanation was like mud,The explanation was easy and simple to understand,The explanation made to sense.,1,1
613,The explanation was like mud,The explanation was easy and simple to understand,The explanation made to sense.,1,1
614,The explanation was like mud,The explanation was easy and simple to understand,The explanation made to sense.,1,0
615,The explanation was like mud,The explanation was easy and simple to understand,The explanation made to sense.,1,0
616,The explanation was like mud,The explanation was easy and simple to understand,The explanation made to sense.,1,0
617,The explanation was like mud,The explanation was easy and simple to understand,The explanation made to sense.,1,1
618,The explanation was like mud,The explanation was easy and simple to understand,The explanation made to sense.,1,0
619,The explanation was like mud,The explanation was easy and simple to understand,The explanation made to sense.,1,0
620,The explanation was like mud,The explanation was easy and simple to understand,The explanation made to sense.,1,0
621,The explanation was like mud,The explanation was easy and simple to understand,The explanation made to sense.,1,1
622,The explanation was like mud,The explanation was easy and simple to understand,The explanation made to sense.,1,1
623,The explanation was like mud,The explanation was easy and simple to understand,The explanation made to sense.,1,1
624,The explanation was like mud,The explanation was easy and simple to understand,The explanation made to sense.,1,1
625,The explanation was like mud,The explanation was easy and simple to understand,The explanation made to sense.,1,1
626,The explanation was like mud,The explanation was easy and simple to understand,The explanation made to sense.,1,1
627,The explanation was like mud,The explanation was easy and simple to understand,The explanation made to sense.,1,1
628,The explanation was like mud,The explanation was easy and simple to understand,The explanation made to sense.,1,0
629,The explanation was like mud,The explanation was easy and simple to understand,The explanation made to sense.,1,0
630,The explanation was like mud,The explanation was easy and simple to understand,The explanation made to sense.,1,1
631,The explanation was like mud,The explanation was easy and simple to understand,The explanation made to sense.,1,1
632,The explanation was like mud,The explanation was easy and simple to understand,The explanation made to sense.,1,1
633,The explanation was like mud,The explanation was easy and simple to understand,The explanation made to sense.,1,1
634,The explanation was like mud,The explanation was easy and simple to understand,The explanation made to sense.,1,0
635,The explanation was like mud,The explanation was easy and simple to understand,The explanation made to sense.,1,1
636,The explanation was like mud,The explanation was easy and simple to understand,The explanation made to sense.,1,0
637,The explanation was like mud,The explanation was easy and simple to understand,The explanation made to sense.,1,0
638,The explanation was like mud,The explanation was easy and simple to understand,The explanation made to sense.,1,1
639,The explanation was like mud,The explanation was easy and simple to understand,The explanation made to sense.,1,1
640,The explanation was like mud,The explanation was easy and simple to understand,The explanation made to sense.,1,0
641,The explanation was like mud,The explanation was easy and simple to understand,The explanation made to sense.,1,0
642,The explanation was like mud,The explanation was easy and simple to understand,The explanation made to sense.,1,0
643,The explanation was like mud,The explanation was easy and simple to understand,The explanation made to sense.,1,0
644,The explanation was like mud,The explanation was easy and simple to understand,The explanation made to sense.,1,0
645,The explanation was like mud,The explanation was easy and simple to understand,The explanation made to sense.,1,0
646,The explanation was like mud,The explanation was easy and simple to understand,The explanation made to sense.,1,1
647,The explanation was like mud,The explanation was easy and simple to understand,The explanation made to sense.,1,1
648,The explanation was like mud,The explanation was easy and simple to understand,The explanation made to sense.,1,0
649,The explanation was like mud,The explanation was easy and simple to understand,The explanation made to sense.,1,0
650,The explanation was like mud,The explanation was easy and simple to understand,The explanation made to sense.,1,1
651,The explanation was like mud,The explanation was easy and simple to understand,The explanation made to sense.,1,1
652,The explanation was like mud,The explanation was easy and simple to understand,The explanation made to sense.,1,0
653,The explanation was like mud,The explanation was easy and simple to understand,The explanation made to sense.,1,0
654,The explanation was like mud,The explanation was easy and simple to understand,The explanation made to sense.,1,0
655,The explanation was like mud,The explanation was easy and simple to understand,The explanation made to sense.,1,0
656,The explanation was like mud,The explanation was easy and simple to understand,The explanation made to sense.,1,0
657,The explanation was like mud,The explanation was easy and simple to understand,The explanation made to sense.,1,0
658,The explanation was like mud,The explanation was easy and simple to understand,The explanation made to sense.,1,0
659,The explanation was like mud,The explanation was easy and simple to understand,The explanation made to sense.,1,0
660,The explanation was like mud,The explanation was easy and simple to understand,The explanation made to sense.,1,0
661,The explanation was like mud,The explanation was easy and simple to understand,The explanation made to sense.,1,0
662,The explanation was like mud,The explanation was easy and simple to understand,The explanation made to sense.,1,0
663,The explanation was like mud,The explanation was easy and simple to understand,The explanation made to sense.,1,0
664,The explanation was like mud,The explanation was easy and simple to understand,The explanation made to sense.,1,0
665,The explanation was like mud,The explanation was easy and simple to understand,The explanation made to sense.,1,0
666,The explanation was like mud,The explanation was easy and simple to understand,The explanation made to sense.,1,0
667,The explanation was like mud,The explanation was easy and simple to understand,The explanation made to sense.,1,0
668,The explanation was like mud,The explanation was easy and simple to understand,The explanation made to sense.,1,0
669,The explanation was like mud,The explanation was easy and simple to understand,The explanation made to sense.,1,0
670,The explanation was like mud,The explanation was easy and simple to understand,The explanation made to sense.,1,0
671,The explanation was like mud,The explanation was easy and simple to understand,The explanation made to sense.,1,0
672,The explanation was like mud,The explanation was easy and simple to understand,The explanation made to sense.,1,0
673,The explanation was like mud,The explanation was easy and simple to understand,The explanation made to sense.,1,1
674,The explanation was like mud,The explanation was easy and simple to understand,The explanation made to sense.,1,1
675,The explanation was like mud,The explanation was easy and simple to understand,The explanation made to sense.,1,1
676,The explanation was like mud,The explanation was easy and simple to understand,The explanation made to sense.,1,1
677,The explanation was like mud,The explanation was easy and simple to understand,The explanation made to sense.,1,1
678,The explanation was like mud,The explanation was easy and simple to understand,The explanation made to sense.,1,1
679,The explanation was like mud,The explanation was easy and simple to understand,The explanation made to sense.,1,0
680,The explanation was like mud,The explanation was easy and simple to understand,The explanation made to sense.,1,0
681,The explanation was like mud,The explanation was easy and simple to understand,The explanation made to sense.,1,0
682,The explanation was like mud,The explanation was easy and simple to understand,The explanation made to sense.,1,0
683,The explanation was like mud,The explanation was easy and simple to understand,The explanation made to sense.,1,0
684,The explanation was like mud,The explanation was easy and simple to understand,The explanation made to sense.,1,0
685,The explanation was like mud,The explanation was easy and simple to understand,The explanation made to sense.,1,0
686,The explanation was like mud,The explanation was easy and simple to understand,The explanation made to sense.,1,1
687,The explanation was like mud,The explanation was easy and simple to understand,The explanation made to sense.,1,1
688,The explanation was like mud,The explanation was easy and simple to understand,The explanation made to sense.,1,1
689,The explanation was like mud,The explanation was easy and simple to understand,The explanation made to sense.,1,1
690,The explanation was like mud,The explanation was easy and simple to understand,The explanation made to sense.,1,0
691,The explanation was like mud,The explanation was easy and simple to understand,The explanation made to sense.,1,0
692,The explanation was like mud,The explanation was easy and simple to understand,The explanation made to sense.,1,1
693,The explanation was like mud,The explanation was easy and simple to understand,The explanation made to sense.,1,1
694,The explanation was like mud,The explanation was easy and simple to understand,The explanation made to sense.,1,1
695,The explanation was like mud,The explanation was easy and simple to understand,The explanation made to sense.,1,1
696,The explanation was like mud,The explanation was easy and simple to understand,The explanation made to sense.,1,0
697,The explanation was like mud,The explanation was easy and simple to understand,The explanation made to sense.,1,0
698,The explanation was like mud,The explanation was easy and simple to understand,The explanation made to sense.,1,1
699,The explanation was like mud,The explanation was easy and simple to understand,The explanation made to sense.,1,1
700,The explanation was like mud,The explanation was easy and simple to understand,The explanation made to sense.,1,1
701,The explanation was like mud,The explanation was easy and simple to understand,The explanation made to sense.,1,1
702,The explanation was like mud,The explanation was easy and simple to understand,The explanation made to sense.,1,1
703,The explanation was like mud,The explanation was easy and simple to understand,The explanation made to sense.,1,1
704,The explanation was like mud,The explanation was easy and simple to understand,The explanation made to sense.,1,1
705,The explanation was like mud,The explanation was easy and simple to understand,The explanation made to sense.,1,1
706,The explanation was like mud,The explanation was easy and simple to understand,The explanation made to sense.,1,1
707,The explanation was like mud,The explanation was easy and simple to understand,The explanation made to sense.,1,0
708,The explanation was like mud,The explanation was easy and simple to understand,The explanation made to sense.,1,1
709,The explanation was like mud,The explanation was easy and simple to understand,The explanation made to sense.,1,1
710,The explanation was like mud,The explanation was easy and simple to understand,The explanation made to sense.,1,0
711,The explanation was like mud,The explanation was easy and simple to understand,The explanation made to sense.,1,0
712,The explanation was like mud,The explanation was easy and simple to understand,The explanation made to sense.,1,1
713,The explanation was like mud,The explanation was easy and simple to understand,The explanation made to sense.,1,1
714,The explanation was like mud,The explanation was easy and simple to understand,The explanation made to sense.,1,0
715,The explanation was like mud,The explanation was easy and simple to understand,The explanation made to sense.,1,0
716,The explanation was like mud,The explanation was easy and simple to understand,The explanation made to sense.,1,1
717,The explanation was like mud,The explanation was easy and simple to understand,The explanation made to sense.,1,1
718,The explanation was like mud,The explanation was easy and simple to understand,The explanation made to sense.,1,0
719,The explanation was like mud,The explanation was easy and simple to understand,The explanation made to sense.,1,0
720,The explanation was like mud,The explanation was easy and simple to understand,The explanation made to sense.,1,0
721,The explanation was like mud,The explanation was easy and simple to understand,The explanation made to sense.,1,0
722,The explanation was like mud,The explanation was easy and simple to understand,The explanation made to sense.,1,0
723,The explanation was like mud,The explanation was easy and simple to understand,The explanation made to sense.,1,0
724,The explanation was like mud,The explanation was easy and simple to understand,The explanation made to sense.,1,0
725,The explanation was like mud,The explanation was easy and simple to understand,The explanation made to sense.,1,0
726,The explanation was like mud,The explanation was easy and simple to understand,The explanation made to sense.,1,0
727,The explanation was like mud,The explanation was easy and simple to understand,The explanation made to sense.,1,0
728,The explanation was like mud,The explanation was easy and simple to understand,The explanation made to sense.,1,0
729,The explanation was like mud,The explanation was easy and simple to understand,The explanation made to sense.,1,0
730,The explanation was like mud,The explanation was easy and simple to understand,The explanation made to sense.,1,1
731,The explanation was like mud,The explanation was easy and simple to understand,The explanation made to sense.,1,1
732,The explanation was like mud,The explanation was easy and simple to understand,The explanation made to sense.,1,0
733,The explanation was like mud,The explanation was easy and simple to understand,The explanation made to sense.,1,0
734,The explanation was like mud,The explanation was easy and simple to understand,The explanation made to sense.,1,0
735,The explanation was like mud,The explanation was easy and simple to understand,The explanation made to sense.,1,1
736,The explanation was like mud,The explanation was easy and simple to understand,The explanation made to sense.,1,0
737,The explanation was like mud,The explanation was easy and simple to understand,The explanation made to sense.,1,0
738,The explanation was like mud,The explanation was easy and simple to understand,The explanation made to sense.,1,0
739,The explanation was like mud,The explanation was easy and simple to understand,The explanation made to sense.,1,0
740,The explanation was like mud,The explanation was easy and simple to understand,The explanation made to sense.,1,0
741,The explanation was like mud,The explanation was easy and simple to understand,The explanation made to sense.,1,0
742,The explanation was like mud,The explanation was easy and simple to understand,The explanation made to sense.,1,1
743,The explanation was like mud,The explanation was easy and simple to understand,The explanation made to sense.,1,1
744,The explanation was like mud,The explanation was easy and simple to understand,The explanation made to sense.,1,1
745,The explanation was like mud,The explanation was easy and simple to understand,The explanation made to sense.,1,1
746,The explanation was like mud,The explanation was easy and simple to understand,The explanation made to sense.,1,0
747,The explanation was like mud,The explanation was easy and simple to understand,The explanation made to sense.,1,0
748,The explanation was like mud,The explanation was easy and simple to understand,The explanation made to sense.,1,0
749,The explanation was like mud,The explanation was easy and simple to understand,The explanation made to sense.,1,0
750,The explanation was like mud,The explanation was easy and simple to understand,The explanation made to sense.,1,0
751,The explanation was like mud,The explanation was easy and simple to understand,The explanation made to sense.,1,1
752,The explanation was like mud,The explanation was easy and simple to understand,The explanation made to sense.,1,0
753,The explanation was like mud,The explanation was easy and simple to understand,The explanation made to sense.,1,0
754,The explanation was like mud,The explanation was easy and simple to understand,The explanation made to sense.,1,0
755,The explanation was like mud,The explanation was easy and simple to understand,The explanation made to sense.,1,0
756,The explanation was like mud,The explanation was easy and simple to understand,The explanation made to sense.,1,0
757,The explanation was like mud,The explanation was easy and simple to understand,The explanation made to sense.,1,0
758,The explanation was like mud,The explanation was easy and simple to understand,The explanation made to sense.,1,0
759,The explanation was like mud,The explanation was easy and simple to understand,The explanation made to sense.,1,0
760,The explanation was like mud,The explanation was easy and simple to understand,The explanation made to sense.,1,0
761,The explanation was like mud,The explanation was easy and simple to understand,The explanation made to sense.,1,0
762,The explanation was like mud,The explanation was easy and simple to understand,The explanation made to sense.,1,0
763,The explanation was like mud,The explanation was easy and simple to understand,The explanation made to sense.,1,0
764,The explanation was like mud,The explanation was easy and simple to understand,The explanation made to sense.,1,0
765,The explanation was like mud,The explanation was easy and simple to understand,The explanation made to sense.,1,0
766,The explanation was like mud,The explanation was easy and simple to understand,The explanation made to sense.,1,0
767,The explanation was like mud,The explanation was easy and simple to understand,The explanation made to sense.,1,0
768,The explanation was like mud,The explanation was easy and simple to understand,The explanation made to sense.,1,0
769,The explanation was like mud,The explanation was easy and simple to understand,The explanation made to sense.,1,1
770,The explanation was like mud,The explanation was easy and simple to understand,The explanation made to sense.,1,1
771,The explanation was like mud,The explanation was easy and simple to understand,The explanation made to sense.,1,1
772,The explanation was like mud,The explanation was easy and simple to understand,The explanation made to sense.,1,0
773,The explanation was like mud,The explanation was easy and simple to understand,The explanation made to sense.,1,1
774,The explanation was like mud,The explanation was easy and simple to understand,The explanation made to sense.,1,0
775,The explanation was like mud,The explanation was easy and simple to understand,The explanation made to sense.,1,0
776,The explanation was like mud,The explanation was easy and simple to understand,The explanation made to sense.,1,0
777,The explanation was like mud,The explanation was easy and simple to understand,The explanation made to sense.,1,0
778,The explanation was like mud,The explanation was easy and simple to understand,The explanation made to sense.,1,0
779,The explanation was like mud,The explanation was easy and simple to understand,The explanation made to sense.,1,1
780,The explanation was like mud,The explanation was easy and simple to understand,The explanation made to sense.,1,1
781,The explanation was like mud,The explanation was easy and simple to understand,The explanation made to sense.,1,1
782,The explanation was like mud,The explanation was easy and simple to understand,The explanation made to sense.,1,0
783,The explanation was like mud,The explanation was easy and simple to understand,The explanation made to sense.,1,0
784,The explanation was like mud,The explanation was easy and simple to understand,The explanation made to sense.,1,0
785,The explanation was like mud,The explanation was easy and simple to understand,The explanation made to sense.,1,0
786,The explanation was like mud,The explanation was easy and simple to understand,The explanation made to sense.,1,0
787,The explanation was like mud,The explanation was easy and simple to understand,The explanation made to sense.,1,0
788,The explanation was like mud,The explanation was easy and simple to understand,The explanation made to sense.,1,1
789,The explanation was like mud,The explanation was easy and simple to understand,The explanation made to sense.,1,1
790,The explanation was like mud,The explanation was easy and simple to understand,The explanation made to sense.,1,1
791,The explanation was like mud,The explanation was easy and simple to understand,The explanation made to sense.,1,1
792,The explanation was like mud,The explanation was easy and simple to understand,The explanation made to sense.,1,0
793,The explanation was like mud,The explanation was easy and simple to understand,The explanation made to sense.,1,0
794,The explanation was like mud,The explanation was easy and simple to understand,The explanation made to sense.,1,0
795,The explanation was like mud,The explanation was easy and simple to understand,The explanation made to sense.,1,0
796,The explanation was like mud,The explanation was easy and simple to understand,The explanation made to sense.,1,1
797,The explanation was like mud,The explanation was easy and simple to understand,The explanation made to sense.,1,1
798,The explanation was like mud,The explanation was easy and simple to understand,The explanation made to sense.,1,0
799,The explanation was like mud,The explanation was easy and simple to understand,The explanation made to sense.,1,0
800,The explanation was like mud,The explanation was easy and simple to understand,The explanation made to sense.,1,1
801,The explanation was like mud,The explanation was easy and simple to understand,The explanation made to sense.,1,1
802,The explanation was like mud,The explanation was easy and simple to understand,The explanation made to sense.,1,0
803,The explanation was like mud,The explanation was easy and simple to understand,The explanation made to sense.,1,0
804,The explanation was like mud,The explanation was easy and simple to understand,The explanation made to sense.,1,0
805,The explanation was like mud,The explanation was easy and simple to understand,The explanation made to sense.,1,0
806,The explanation was like mud,The explanation was easy and simple to understand,The explanation made to sense.,1,0
807,The explanation was like mud,The explanation was easy and simple to understand,The explanation made to sense.,1,0
808,The explanation was like mud,The explanation was easy and simple to understand,The explanation made to sense.,1,0
809,The explanation was like mud,The explanation was easy and simple to understand,The explanation made to sense.,1,0
810,The explanation was like mud,The explanation was easy and simple to understand,The explanation made to sense.,1,1
811,The explanation was like mud,The explanation was easy and simple to understand,The explanation made to sense.,1,1
812,The explanation was like mud,The explanation was easy and simple to understand,The explanation made to sense.,1,1
813,The explanation was like mud,The explanation was easy and simple to understand,The explanation made to sense.,1,1
814,The explanation was like mud,The explanation was easy and simple to understand,The explanation made to sense.,1,0
815,The explanation was like mud,The explanation was easy and simple to understand,The explanation made to sense.,1,0
816,The explanation was like mud,The explanation was easy and simple to understand,The explanation made to sense.,1,0
817,The explanation was like mud,The explanation was easy and simple to understand,The explanation made to sense.,1,0
818,The explanation was like mud,The explanation was easy and simple to understand,The explanation made to sense.,1,1
819,The explanation was like mud,The explanation was easy and simple to understand,The explanation made to sense.,1,1
820,The explanation was like mud,The explanation was easy and simple to understand,The explanation made to sense.,1,0
821,The explanation was like mud,The explanation was easy and simple to understand,The explanation made to sense.,1,0
822,The explanation was like mud,The explanation was easy and simple to understand,The explanation made to sense.,1,0
823,The explanation was like mud,The explanation was easy and simple to understand,The explanation made to sense.,1,0
824,The explanation was like mud,The explanation was easy and simple to understand,The explanation made to sense.,1,1
825,The explanation was like mud,The explanation was easy and simple to understand,The explanation made to sense.,1,1
826,The explanation was like mud,The explanation was easy and simple to understand,The explanation made to sense.,1,0
827,The explanation was like mud,The explanation was easy and simple to understand,The explanation made to sense.,1,0
828,The explanation was like mud,The explanation was easy and simple to understand,The explanation made to sense.,1,0
829,The explanation was like mud,The explanation was easy and simple to understand,The explanation made to sense.,1,0
830,The explanation was like mud,The explanation was easy and simple to understand,The explanation made to sense.,1,0
831,The explanation was like mud,The explanation was easy and simple to understand,The explanation made to sense.,1,0
832,The explanation was like mud,The explanation was easy and simple to understand,The explanation made to sense.,1,0
833,The explanation was like mud,The explanation was easy and simple to understand,The explanation made to sense.,1,0
834,The explanation was like mud,The explanation was easy and simple to understand,The explanation made to sense.,1,0
835,The explanation was like mud,The explanation was easy and simple to understand,The explanation made to sense.,1,0
836,The explanation was like mud,The explanation was easy and simple to understand,The explanation made to sense.,1,0
837,The explanation was like mud,The explanation was easy and simple to understand,The explanation made to sense.,1,0
838,The explanation was like mud,The explanation was easy and simple to understand,The explanation made to sense.,1,1
839,The explanation was like mud,The explanation was easy and simple to understand,The explanation made to sense.,1,1
840,The explanation was like mud,The explanation was easy and simple to understand,The explanation made to sense.,1,1
841,The explanation was like mud,The explanation was easy and simple to understand,The explanation made to sense.,1,1
842,The explanation was like mud,The explanation was easy and simple to understand,The explanation made to sense.,1,1
843,The explanation was like mud,The explanation was easy and simple to understand,The explanation made to sense.,1,1
844,The explanation was like mud,The explanation was easy and simple to understand,The explanation made to sense.,1,1
845,The explanation was like mud,The explanation was easy and simple to understand,The explanation made to sense.,1,1
846,The explanation was like mud,The explanation was easy and simple to understand,The explanation made to sense.,1,1
847,The explanation was like mud,The explanation was easy and simple to understand,The explanation made to sense.,1,1
848,The explanation was like mud,The explanation was easy and simple to understand,The explanation made to sense.,1,0
849,The explanation was like mud,The explanation was easy and simple to understand,The explanation made to sense.,1,0
850,The explanation was like mud,The explanation was easy and simple to understand,The explanation made to sense.,1,0
851,The explanation was like mud,The explanation was easy and simple to understand,The explanation made to sense.,1,0
852,The explanation was like mud,The explanation was easy and simple to understand,The explanation made to sense.,1,1
853,The explanation was like mud,The explanation was easy and simple to understand,The explanation made to sense.,1,1
854,The explanation was like mud,The explanation was easy and simple to understand,The explanation made to sense.,1,1
855,The explanation was like mud,The explanation was easy and simple to understand,The explanation made to sense.,1,1
856,The explanation was like mud,The explanation was easy and simple to understand,The explanation made to sense.,1,0
857,The explanation was like mud,The explanation was easy and simple to understand,The explanation made to sense.,1,0
858,The explanation was like mud,The explanation was easy and simple to understand,The explanation made to sense.,1,1
859,The explanation was like mud,The explanation was easy and simple to understand,The explanation made to sense.,1,1
860,The explanation was like mud,The explanation was easy and simple to understand,The explanation made to sense.,1,1
861,The explanation was like mud,The explanation was easy and simple to understand,The explanation made to sense.,1,1
862,The explanation was like mud,The explanation was easy and simple to understand,The explanation made to sense.,1,0
863,The explanation was like mud,The explanation was easy and simple to understand,The explanation made to sense.,1,0
864,The explanation was like mud,The explanation was easy and simple to understand,The explanation made to sense.,1,0
865,The explanation was like mud,The explanation was easy and simple to understand,The explanation made to sense.,1,0
866,The explanation was like mud,The explanation was easy and simple to understand,The explanation made to sense.,1,0
867,The explanation was like mud,The explanation was easy and simple to understand,The explanation made to sense.,1,1
868,The explanation was like mud,The explanation was easy and simple to understand,The explanation made to sense.,1,0
869,The explanation was like mud,The explanation was easy and simple to understand,The explanation made to sense.,1,0
870,The explanation was like mud,The explanation was easy and simple to understand,The explanation made to sense.,1,1
871,The explanation was like mud,The explanation was easy and simple to understand,The explanation made to sense.,1,1
872,The explanation was like mud,The explanation was easy and simple to understand,The explanation made to sense.,1,0
873,The explanation was like mud,The explanation was easy and simple to understand,The explanation made to sense.,1,0
874,The explanation was like mud,The explanation was easy and simple to understand,The explanation made to sense.,1,1
875,The explanation was like mud,The explanation was easy and simple to understand,The explanation made to sense.,1,1
876,The explanation was like mud,The explanation was easy and simple to understand,The explanation made to sense.,1,0
877,The explanation was like mud,The explanation was easy and simple to understand,The explanation made to sense.,1,0
878,The explanation was like mud,The explanation was easy and simple to understand,The explanation made to sense.,1,0
879,The explanation was like mud,The explanation was easy and simple to understand,The explanation made to sense.,1,0
880,The explanation was like mud,The explanation was easy and simple to understand,The explanation made to sense.,1,0
881,The explanation was like mud,The explanation was easy and simple to understand,The explanation made to sense.,1,0
882,The explanation was like mud,The explanation was easy and simple to understand,The explanation made to sense.,1,0
883,The explanation was like mud,The explanation was easy and simple to understand,The explanation made to sense.,1,0
884,The explanation was like mud,The explanation was easy and simple to understand,The explanation made to sense.,1,0
885,The explanation was like mud,The explanation was easy and simple to understand,The explanation made to sense.,1,1
886,The explanation was like mud,The explanation was easy and simple to understand,The explanation made to sense.,1,0
887,The explanation was like mud,The explanation was easy and simple to understand,The explanation made to sense.,1,0
888,The explanation was like mud,The explanation was easy and simple to understand,The explanation made to sense.,1,0
889,The explanation was like mud,The explanation was easy and simple to understand,The explanation made to sense.,1,1
890,The explanation was like mud,The explanation was easy and simple to understand,The explanation made to sense.,1,0
891,The explanation was like mud,The explanation was easy and simple to understand,The explanation made to sense.,1,1
892,The explanation was like mud,The explanation was easy and simple to understand,The explanation made to sense.,1,0
893,The explanation was like mud,The explanation was easy and simple to understand,The explanation made to sense.,1,0
894,The explanation was like mud,The explanation was easy and simple to understand,The explanation made to sense.,1,1
895,The explanation was like mud,The explanation was easy and simple to understand,The explanation made to sense.,1,1
896,The explanation was like mud,The explanation was easy and simple to understand,The explanation made to sense.,1,0
897,The explanation was like mud,The explanation was easy and simple to understand,The explanation made to sense.,1,0
898,The explanation was like mud,The explanation was easy and simple to understand,The explanation made to sense.,1,1
899,The explanation was like mud,The explanation was easy and simple to understand,The explanation made to sense.,1,1
900,The explanation was like mud,The explanation was easy and simple to understand,The explanation made to sense.,1,0
901,The explanation was like mud,The explanation was easy and simple to understand,The explanation made to sense.,1,0
902,The explanation was like mud,The explanation was easy and simple to understand,The explanation made to sense.,1,0
903,The explanation was like mud,The explanation was easy and simple to understand,The explanation made to sense.,1,0
904,The explanation was like mud,The explanation was easy and simple to understand,The explanation made to sense.,1,0
905,The explanation was like mud,The explanation was easy and simple to understand,The explanation made to sense.,1,1
906,The explanation was like mud,The explanation was easy and simple to understand,The explanation made to sense.,1,0
907,The explanation was like mud,The explanation was easy and simple to understand,The explanation made to sense.,1,0
908,The explanation was like mud,The explanation was easy and simple to understand,The explanation made to sense.,1,0
909,The explanation was like mud,The explanation was easy and simple to understand,The explanation made to sense.,1,0
910,The explanation was like mud,The explanation was easy and simple to understand,The explanation made to sense.,1,1
911,The explanation was like mud,The explanation was easy and simple to understand,The explanation made to sense.,1,1
912,The explanation was like mud,The explanation was easy and simple to understand,The explanation made to sense.,1,1
913,The explanation was like mud,The explanation was easy and simple to understand,The explanation made to sense.,1,1
914,The explanation was like mud,The explanation was easy and simple to understand,The explanation made to sense.,1,1
915,The explanation was like mud,The explanation was easy and simple to understand,The explanation made to sense.,1,1
916,The explanation was like mud,The explanation was easy and simple to understand,The explanation made to sense.,1,0
917,The explanation was like mud,The explanation was easy and simple to understand,The explanation made to sense.,1,0
918,The explanation was like mud,The explanation was easy and simple to understand,The explanation made to sense.,1,0
919,The explanation was like mud,The explanation was easy and simple to understand,The explanation made to sense.,1,0
920,The explanation was like mud,The explanation was easy and simple to understand,The explanation made to sense.,1,0
921,The explanation was like mud,The explanation was easy and simple to understand,The explanation made to sense.,1,0
922,The explanation was like mud,The explanation was easy and simple to understand,The explanation made to sense.,1,0
923,The explanation was like mud,The explanation was easy and simple to understand,The explanation made to sense.,1,0
924,The explanation was like mud,The explanation was easy and simple to understand,The explanation made to sense.,1,0
925,The explanation was like mud,The explanation was easy and simple to understand,The explanation made to sense.,1,0
926,The explanation was like mud,The explanation was easy and simple to understand,The explanation made to sense.,1,0
927,The explanation was like mud,The explanation was easy and simple to understand,The explanation made to sense.,1,0
928,The explanation was like mud,The explanation was easy and simple to understand,The explanation made to sense.,1,0
929,The explanation was like mud,The explanation was easy and simple to understand,The explanation made to sense.,1,0
930,The explanation was like mud,The explanation was easy and simple to understand,The explanation made to sense.,1,0
931,The explanation was like mud,The explanation was easy and simple to understand,The explanation made to sense.,1,0
932,The explanation was like mud,The explanation was easy and simple to understand,The explanation made to sense.,1,0
933,The explanation was like mud,The explanation was easy and simple to understand,The explanation made to sense.,1,0
934,The explanation was like mud,The explanation was easy and simple to understand,The explanation made to sense.,1,1
935,The explanation was like mud,The explanation was easy and simple to understand,The explanation made to sense.,1,1
936,The explanation was like mud,The explanation was easy and simple to understand,The explanation made to sense.,1,1
937,The explanation was like mud,The explanation was easy and simple to understand,The explanation made to sense.,1,1
938,The explanation was like mud,The explanation was easy and simple to understand,The explanation made to sense.,1,0
939,The explanation was like mud,The explanation was easy and simple to understand,The explanation made to sense.,1,0
940,The explanation was like mud,The explanation was easy and simple to understand,The explanation made to sense.,1,0
941,The explanation was like mud,The explanation was easy and simple to understand,The explanation made to sense.,1,0
942,The explanation was like mud,The explanation was easy and simple to understand,The explanation made to sense.,1,0
943,The explanation was like mud,The explanation was easy and simple to understand,The explanation made to sense.,1,0
944,The explanation was like mud,The explanation was easy and simple to understand,The explanation made to sense.,1,0
945,The explanation was like mud,The explanation was easy and simple to understand,The explanation made to sense.,1,0
946,The explanation was like mud,The explanation was easy and simple to understand,The explanation made to sense.,1,0
947,The explanation was like mud,The explanation was easy and simple to understand,The explanation made to sense.,1,1
948,The explanation was like mud,The explanation was easy and simple to understand,The explanation made to sense.,1,0
949,The explanation was like mud,The explanation was easy and simple to understand,The explanation made to sense.,1,0
950,The explanation was like mud,The explanation was easy and simple to understand,The explanation made to sense.,1,1
951,The explanation was like mud,The explanation was easy and simple to understand,The explanation made to sense.,1,1
952,The explanation was like mud,The explanation was easy and simple to understand,The explanation made to sense.,1,0
953,The explanation was like mud,The explanation was easy and simple to understand,The explanation made to sense.,1,0
954,The explanation was like mud,The explanation was easy and simple to understand,The explanation made to sense.,1,1
955,The explanation was like mud,The explanation was easy and simple to understand,The explanation made to sense.,1,1
956,The explanation was like mud,The explanation was easy and simple to understand,The explanation made to sense.,1,1
957,The explanation was like mud,The explanation was easy and simple to understand,The explanation made to sense.,1,1
958,The explanation was like mud,The explanation was easy and simple to understand,The explanation made to sense.,1,1
959,The explanation was like mud,The explanation was easy and simple to understand,The explanation made to sense.,1,1
960,The explanation was like mud,The explanation was easy and simple to understand,The explanation made to sense.,1,0
961,The explanation was like mud,The explanation was easy and simple to understand,The explanation made to sense.,1,1
962,The explanation was like mud,The explanation was easy and simple to understand,The explanation made to sense.,1,0
963,The explanation was like mud,The explanation was easy and simple to understand,The explanation made to sense.,1,0
964,The explanation was like mud,The explanation was easy and simple to understand,The explanation made to sense.,1,0
965,The explanation was like mud,The explanation was easy and simple to understand,The explanation made to sense.,1,0
966,The explanation was like mud,The explanation was easy and simple to understand,The explanation made to sense.,1,1
967,The explanation was like mud,The explanation was easy and simple to understand,The explanation made to sense.,1,1
968,The explanation was like mud,The explanation was easy and simple to understand,The explanation made to sense.,1,1
969,The explanation was like mud,The explanation was easy and simple to understand,The explanation made to sense.,1,1
970,The explanation was like mud,The explanation was easy and simple to understand,The explanation made to sense.,1,1
971,The explanation was like mud,The explanation was easy and simple to understand,The explanation made to sense.,1,1
972,The explanation was like mud,The explanation was easy and simple to understand,The explanation made to sense.,1,1
973,The explanation was like mud,The explanation was easy and simple to understand,The explanation made to sense.,1,1
974,The explanation was like mud,The explanation was easy and simple to understand,The explanation made to sense.,1,1
975,The explanation was like mud,The explanation was easy and simple to understand,The explanation made to sense.,1,1
976,The explanation was like mud,The explanation was easy and simple to understand,The explanation made to sense.,1,1
977,The explanation was like mud,The explanation was easy and simple to understand,The explanation made to sense.,1,1
978,The explanation was like mud,The explanation was easy and simple to understand,The explanation made to sense.,1,1
979,The explanation was like mud,The explanation was easy and simple to understand,The explanation made to sense.,1,1
980,The explanation was like mud,The explanation was easy and simple to understand,The explanation made to sense.,1,0
981,The explanation was like mud,The explanation was easy and simple to understand,The explanation made to sense.,1,0
982,The explanation was like mud,The explanation was easy and simple to understand,The explanation made to sense.,1,1
983,The explanation was like mud,The explanation was easy and simple to understand,The explanation made to sense.,1,1
984,The explanation was like mud,The explanation was easy and simple to understand,The explanation made to sense.,1,1
985,The explanation was like mud,The explanation was easy and simple to understand,The explanation made to sense.,1,1
986,The explanation was like mud,The explanation was easy and simple to understand,The explanation made to sense.,1,1
987,The explanation was like mud,The explanation was easy and simple to understand,The explanation made to sense.,1,1
988,The explanation was like mud,The explanation was easy and simple to understand,The explanation made to sense.,1,1
989,The explanation was like mud,The explanation was easy and simple to understand,The explanation made to sense.,1,1
990,The explanation was like mud,The explanation was easy and simple to understand,The explanation made to sense.,1,0
991,The explanation was like mud,The explanation was easy and simple to understand,The explanation made to sense.,1,0
992,The explanation was like mud,The explanation was easy and simple to understand,The explanation made to sense.,1,0
993,The explanation was like mud,The explanation was easy and simple to understand,The explanation made to sense.,1,0
994,The explanation was like mud,The explanation was easy and simple to understand,The explanation made to sense.,1,0
995,The explanation was like mud,The explanation was easy and simple to understand,The explanation made to sense.,1,0
996,The explanation was like mud,The explanation was easy and simple to understand,The explanation made to sense.,1,1
997,The explanation was like mud,The explanation was easy and simple to understand,The explanation made to sense.,1,0
998,The explanation was like mud,The explanation was easy and simple to understand,The explanation made to sense.,1,1
999,The explanation was like mud,The explanation was easy and simple to understand,The explanation made to sense.,1,1
1000,The explanation was like mud,The explanation was easy and simple to understand,The explanation made to sense.,1,0
1001,The explanation was like mud,The explanation was easy and simple to understand,The explanation made to sense.,1,1
1002,The explanation was like mud,The explanation was easy and simple to understand,The explanation made to sense.,1,1
1003,The explanation was like mud,The explanation was easy and simple to understand,The explanation made to sense.,1,1
1004,The explanation was like mud,The explanation was easy and simple to understand,The explanation made to sense.,1,0
1005,The explanation was like mud,The explanation was easy and simple to understand,The explanation made to sense.,1,1
1006,The explanation was like mud,The explanation was easy and simple to understand,The explanation made to sense.,1,0
1007,The explanation was like mud,The explanation was easy and simple to understand,The explanation made to sense.,1,0
1008,The explanation was like mud,The explanation was easy and simple to understand,The explanation made to sense.,1,0
1009,The explanation was like mud,The explanation was easy and simple to understand,The explanation made to sense.,1,0
1010,The explanation was like mud,The explanation was easy and simple to understand,The explanation made to sense.,1,1
1011,The explanation was like mud,The explanation was easy and simple to understand,The explanation made to sense.,1,1
1012,The explanation was like mud,The explanation was easy and simple to understand,The explanation made to sense.,1,0
1013,The explanation was like mud,The explanation was easy and simple to understand,The explanation made to sense.,1,0
1014,The explanation was like mud,The explanation was easy and simple to understand,The explanation made to sense.,1,1
1015,The explanation was like mud,The explanation was easy and simple to understand,The explanation made to sense.,1,1
1016,The explanation was like mud,The explanation was easy and simple to understand,The explanation made to sense.,1,1
1017,The explanation was like mud,The explanation was easy and simple to understand,The explanation made to sense.,1,1
1018,The explanation was like mud,The explanation was easy and simple to understand,The explanation made to sense.,1,0
1019,The explanation was like mud,The explanation was easy and simple to understand,The explanation made to sense.,1,1
1020,The explanation was like mud,The explanation was easy and simple to understand,The explanation made to sense.,1,0
1021,The explanation was like mud,The explanation was easy and simple to understand,The explanation made to sense.,1,0
1022,The explanation was like mud,The explanation was easy and simple to understand,The explanation made to sense.,1,0
1023,The explanation was like mud,The explanation was easy and simple to understand,The explanation made to sense.,1,0
1024,The explanation was like mud,The explanation was easy and simple to understand,The explanation made to sense.,1,1
1025,The explanation was like mud,The explanation was easy and simple to understand,The explanation made to sense.,1,1
1026,The explanation was like mud,The explanation was easy and simple to understand,The explanation made to sense.,1,0
1027,The explanation was like mud,The explanation was easy and simple to understand,The explanation made to sense.,1,0
1028,The explanation was like mud,The explanation was easy and simple to understand,The explanation made to sense.,1,1
1029,The explanation was like mud,The explanation was easy and simple to understand,The explanation made to sense.,1,1
1030,The explanation was like mud,The explanation was easy and simple to understand,The explanation made to sense.,1,1
1031,The explanation was like mud,The explanation was easy and simple to understand,The explanation made to sense.,1,1
1032,The explanation was like mud,The explanation was easy and simple to understand,The explanation made to sense.,1,0
1033,The explanation was like mud,The explanation was easy and simple to understand,The explanation made to sense.,1,0
1034,The explanation was like mud,The explanation was easy and simple to understand,The explanation made to sense.,1,0
1035,The explanation was like mud,The explanation was easy and simple to understand,The explanation made to sense.,1,1
1036,The explanation was like mud,The explanation was easy and simple to understand,The explanation made to sense.,1,1
1037,The explanation was like mud,The explanation was easy and simple to understand,The explanation made to sense.,1,1
1038,The explanation was like mud,The explanation was easy and simple to understand,The explanation made to sense.,1,0
1039,The explanation was like mud,The explanation was easy and simple to understand,The explanation made to sense.,1,0
1040,The explanation was like mud,The explanation was easy and simple to understand,The explanation made to sense.,1,0
1041,The explanation was like mud,The explanation was easy and simple to understand,The explanation made to sense.,1,0
1042,The explanation was like mud,The explanation was easy and simple to understand,The explanation made to sense.,1,1
1043,The explanation was like mud,The explanation was easy and simple to understand,The explanation made to sense.,1,1
1044,The explanation was like mud,The explanation was easy and simple to understand,The explanation made to sense.,1,0
1045,The explanation was like mud,The explanation was easy and simple to understand,The explanation made to sense.,1,0
1046,The explanation was like mud,The explanation was easy and simple to understand,The explanation made to sense.,1,0
1047,The explanation was like mud,The explanation was easy and simple to understand,The explanation made to sense.,1,0
1048,The explanation was like mud,The explanation was easy and simple to understand,The explanation made to sense.,1,0
1049,The explanation was like mud,The explanation was easy and simple to understand,The explanation made to sense.,1,0
1050,The explanation was like mud,The explanation was easy and simple to understand,The explanation made to sense.,1,0
1051,The explanation was like mud,The explanation was easy and simple to understand,The explanation made to sense.,1,0
1052,The explanation was like mud,The explanation was easy and simple to understand,The explanation made to sense.,1,1
1053,The explanation was like mud,The explanation was easy and simple to understand,The explanation made to sense.,1,1
1054,The explanation was like mud,The explanation was easy and simple to understand,The explanation made to sense.,1,0
1055,The explanation was like mud,The explanation was easy and simple to understand,The explanation made to sense.,1,0
1056,The explanation was like mud,The explanation was easy and simple to understand,The explanation made to sense.,1,0
1057,The explanation was like mud,The explanation was easy and simple to understand,The explanation made to sense.,1,1
1058,The explanation was like mud,The explanation was easy and simple to understand,The explanation made to sense.,1,0
1059,The explanation was like mud,The explanation was easy and simple to understand,The explanation made to sense.,1,0
1060,The explanation was like mud,The explanation was easy and simple to understand,The explanation made to sense.,1,0
1061,The explanation was like mud,The explanation was easy and simple to understand,The explanation made to sense.,1,0
1062,The explanation was like mud,The explanation was easy and simple to understand,The explanation made to sense.,1,1
1063,The explanation was like mud,The explanation was easy and simple to understand,The explanation made to sense.,1,1
1064,The explanation was like mud,The explanation was easy and simple to understand,The explanation made to sense.,1,0
1065,The explanation was like mud,The explanation was easy and simple to understand,The explanation made to sense.,1,0
1066,The explanation was like mud,The explanation was easy and simple to understand,The explanation made to sense.,1,1
1067,The explanation was like mud,The explanation was easy and simple to understand,The explanation made to sense.,1,1
1068,The explanation was like mud,The explanation was easy and simple to understand,The explanation made to sense.,1,0
1069,The explanation was like mud,The explanation was easy and simple to understand,The explanation made to sense.,1,0
1070,The explanation was like mud,The explanation was easy and simple to understand,The explanation made to sense.,1,0
1071,The explanation was like mud,The explanation was easy and simple to understand,The explanation made to sense.,1,0
1072,The explanation was like mud,The explanation was easy and simple to understand,The explanation made to sense.,1,0
1073,The explanation was like mud,The explanation was easy and simple to understand,The explanation made to sense.,1,0
1074,The explanation was like mud,The explanation was easy and simple to understand,The explanation made to sense.,1,0
1075,The explanation was like mud,The explanation was easy and simple to understand,The explanation made to sense.,1,0
1076,The explanation was like mud,The explanation was easy and simple to understand,The explanation made to sense.,1,1
1077,The explanation was like mud,The explanation was easy and simple to understand,The explanation made to sense.,1,1
1078,The explanation was like mud,The explanation was easy and simple to understand,The explanation made to sense.,1,1
1079,The explanation was like mud,The explanation was easy and simple to understand,The explanation made to sense.,1,1
1080,The explanation was like mud,The explanation was easy and simple to understand,The explanation made to sense.,1,0
1081,The explanation was like mud,The explanation was easy and simple to understand,The explanation made to sense.,1,0
1082,The explanation was like mud,The explanation was easy and simple to understand,The explanation made to sense.,1,1
1083,The explanation was like mud,The explanation was easy and simple to understand,The explanation made to sense.,1,1
1084,The explanation was like mud,The explanation was easy and simple to understand,The explanation made to sense.,1,0
1085,The explanation was like mud,The explanation was easy and simple to understand,The explanation made to sense.,1,0
1086,The explanation was like mud,The explanation was easy and simple to understand,The explanation made to sense.,1,0
1087,The explanation was like mud,The explanation was easy and simple to understand,The explanation made to sense.,1,0
1088,The explanation was like mud,The explanation was easy and simple to understand,The explanation made to sense.,1,0
1089,The explanation was like mud,The explanation was easy and simple to understand,The explanation made to sense.,1,1
1090,The explanation was like mud,The explanation was easy and simple to understand,The explanation made to sense.,1,1
1091,The explanation was like mud,The explanation was easy and simple to understand,The explanation made to sense.,1,1
1092,The explanation was like mud,The explanation was easy and simple to understand,The explanation made to sense.,1,0
1093,The explanation was like mud,The explanation was easy and simple to understand,The explanation made to sense.,1,0
